312 
39 
489 
961 
935 
123 
689 
137 
290 
397 
822 
190 
989 
613 
946 
451 
218 
549 
641 
685 
710 
420 
859 
924 
774 
429 
529 
155 
361 
351 
898 
611 
8 
190 
968 
173 
19 
258 
735 
367 
422 
414 
254 
269 
669 
747 
402 
844 
387 
950 
743 
132 
545 
848 
304 
884 
948 
781 
953 
275 
960 
608 
578 
700 
596 
588 
7 
576 
606 
485 
150 
83 
265 
272 
625 
840 
428 
449 
660 
694 
901 
644 
57 
447 
262 
254 
946 
622 
278 
508 
39 
881 
363 
892 
321 
792 
62 
11 
846 
413 
168 
974 
86 
164 
516 
845 
972 
205 
84 
765 
234 
887 
825 
94 
614 
191 
141 
220 
849 
457 
691 
553 
235 
982 
506 
587 
7 
440 
318 
377 
612 
26 
23 
260 
126 
443 
798 
756 
226 
540 
229 
577 
138 
799 
918 
979 
568 
99 
775 
468 
885 
270 
740 
148 
644 
226 
637 
605 
19 
379 
738 
824 
482 
239 
37 
943 
896 
543 
895 
773 
434 
198 
765 
131 
124 
367 
100 
429 
957 
476 
299 
780 
662 
964 
208 
669 
492 
132 
85 
226 
246 
442 
556 
7 
825 
446 
617 
223 
218 
881 
287 
416 
459 
170 
142 
973 
450 
15 
988 
555 
942 
105 
625 
6 
756 
700 
271 
12 
585 
165 
185 
794 
544 
948 
235 
726 
590 
212 
483 
133 
189 
129 
615 
421 
590 
625 
655 
14 
338 
726 
892 
149 
267 
107 
282 
593 
14 
661 
33 
753 
156 
660 
354 
253 
41 
242 
168 
301 
84 
283 
900 
303 
873 
750 
982 
973 
699 
299 
73 
997 
286 
973 
519 
755 
332 
546 
572 
588 
485 
56 
831 
916 
253 
362 
86 
379 
833 
228 
674 
428 
266 
275 
211 
430 
373 
697 
885 
702 
778 
175 
547 
964 
524 
787 
34 
61 
352 
357 
810 
873 
25 
653 
856 
510 
811 
887 
119 
317 
751 
761 
233 
627 
447 
444 
769 
811 
227 
249 
282 
225 
706 
574 
5 
90 
253 
689 
999 
811 
968 
885 
457 
391 
922 
171 
533 
989 
888 
794 
573 
969 
669 
793 
21 
26 
524 
221 
540 
804 
241 
639 
295 
375 
485 
991 
920 
615 
944 
223 
205 
357 
172 
113 
683 
454 
968 
658 
212 
563 
890 
515 
39 
145 
889 
766 
375 
273 
49 
910 
502 
906 
728 
194 
972 
894 
929 
795 
842 
611 
807 
260 
68 
339 
772 
202 
39 
670 
458 
419 
639 
814 
346 
356 
493 
715 
756 
142 
94 
464 
694 
992 
711 
142 
968 
963 
287 
47 
279 
762 
334 
518 
16 
624 
469 
77 
536 
183 
318 
783 
961 
550 
790 
383 
440 
330 
919 
385 
813 
409 
907 
144 
715 
51 
765 
903 
976 
553 
914 
547 
359 
611 
569 
304 
252 
700 
215 
108 
512 
729 
926 
833 
710 
634 
495 
287 
404 
560 
845 
457 
878 
848 
164 
839 
23 
614 
42 
412 
810 
62 
453 
17 
881 
630 
501 
73 
235 
896 
275 
414 
403 
919 
282 
460 
510 
816 
356 
829 
894 
572 
648 
301 
501 
226 
451 
526 
347 
850 
533 
727 
724 
143 
894 
368 
676 
52 
857 
994 
349 
875 
311 
965 
34 
778 
879 
137 
604 
728 
596 
456 
917 
534 
712 
884 
971 
872 
280 
630 
608 
798 
7 
735 
711 
710 
463 
658 
393 
285 
213 
65 
249 
94 
917 
175 
349 
898 
991 
166 
503 
561 
368 
370 
66 
791 
35 
6 
312 
138 
553 
557 
3 
675 
7 
156 
35 
931 
544 
694 
872 
72 
922 
655 
633 
33 
613 
678 
644 
814 
737 
220 
454 
995 
287 
986 
125 
790 
91 
299 
820 
95 
176 
165 
927 
568 
693 
846 
928 
533 
447 
732 
537 
334 
183 
429 
859 
195 
845 
552 
566 
471 
13 
500 
442 
271 
361 
632 
158 
925 
735 
995 
759 
144 
141 
757 
587 
510 
698 
653 
893 
733 
646 
476 
396 
167 
436 
649 
328 
572 
759 
95 
189 
684 
28 
108 
955 
117 
63 
156 
652 
457 
64 
158 
128 
940 
438 
388 
846 
637 
36 
97 
636 
539 
76 
614 
880 
770 
738 
413 
176 
485 
890 
818 
399 
678 
533 
678 
449 
284 
255 
86 
449 
61 
788 
916 
200 
164 
221 
796 
921 
492 
502 
994 
899 
750 
834 
282 
7 
519 
152 
415 
274 
974 
239 
217 
973 
84 
360 
209 
419 
853 
36 
166 
507 
46 
630 
997 
447 
520 
569 
932 
612 
28 
661 
992 
627 
886 
942 
832 
911 
431 
54 
953 
0 
638 
965 
699 
39 
175 
118 
764 
795 
623 
355 
588 
907 
367 
619 
497 
613 
503 
723 
196 
375 
836 
931 
339 
36 
564 
122 
64 
849 
162 
669 
850 
928 
102 
924 
426 
613 
863 
725 
9 
543 
419 
934 
528 
313 
918 
869 
808 
178 
561 
386 
972 
553 
685 
503 
883 
309 
584 
486 
762 
197 
543 
228 
66 
443 
245 
133 
237 
62 
467 
416 
207 
600 
857 
580 
611 
813 
699 
267 
155 
357 
775 
422 
860 
540 
446 
649 
537 
904 
377 
145 
391 
218 
511 
43 
625 
129 
972 
70 
956 
875 
716 
732 
686 
638 
344 
869 
675 
310 
351 
781 
360 
639 
409 
623 
372 
150 
168 
418 
275 
475 
792 
67 
165 
994 
713 
202 
919 
306 
979 
609 
624 
428 
209 
995 
606 
368 
8 
234 
9 
365 
458 
388 
849 
945 
286 
710 
308 
320 
539 
937 
211 
719 
5 
684 
213 
259 
366 
874 
636 
565 
217 
318 
191 
913 
491 
372 
495 
168 
538 
338 
886 
891 
475 
447 
108 
0 
255 
98 
844 
34 
886 
878 
519 
764 
983 
357 
184 
102 
165 
538 
296 
235 
662 
692 
130 
178 
441 
808 
177 
988 
646 
237 
24 
381 
267 
790 
995 
735 
187 
132 
445 
3 
481 
690 
441 
314 
182 
373 
868 
731 
375 
451 
555 
845 
315 
155 
361 
959 
884 
790 
76 
445 
299 
684 
593 
758 
801 
866 
892 
581 
211 
82 
717 
685 
165 
436 
584 
736 
83 
948 
811 
9 
740 
180 
365 
728 
200 
59 
485 
807 
51 
886 
216 
195 
26 
126 
512 
293 
526 
130 
321 
705 
247 
614 
789 
262 
258 
420 
387 
439 
190 
995 
772 
82 
339 
373 
510 
655 
900 
453 
852 
163 
511 
208 
454 
398 
75 
171 
844 
73 
457 
886 
865 
548 
238 
624 
702 
199 
184 
563 
124 
799 
334 
48 
958 
284 
429 
222 
143 
201 
952 
544 
728 
355 
544 
413 
708 
645 
253 
356 
175 
147 
323 
446 
708 
982 
152 
398 
14 
384 
5 
791 
130 
696 
532 
414 
27 
304 
905 
928 
478 
605 
219 
468 
895 
63 
301 
236 
267 
338 
392 
376 
536 
75 
188 
971 
866 
687 
447 
458 
663 
57 
964 
115 
341 
978 
895 
250 
386 
182 
72 
74 
564 
916 
822 
826 
283 
550 
343 
957 
484 
75 
581 
927 
407 
377 
595 
397 
187 
542 
904 
180 
872 
809 
707 
84 
293 
533 
256 
414 
587 
78 
873 
252 
282 
382 
905 
841 
107 
506 
101 
401 
541 
729 
164 
561 
716 
389 
657 
738 
583 
701 
798 
170 
544 
353 
986 
796 
354 
448 
6 
225 
702 
271 
661 
599 
646 
755 
867 
969 
726 
201 
952 
703 
992 
139 
580 
295 
911 
566 
661 
788 
102 
282 
422 
966 
33 
58 
731 
426 
724 
316 
562 
396 
251 
163 
660 
330 
666 
59 
437 
58 
254 
28 
375 
543 
915 
883 
222 
72 
816 
253 
840 
650 
88 
374 
867 
263 
674 
106 
507 
695 
435 
233 
596 
566 
434 
504 
37 
205 
789 
517 
62 
653 
482 
267 
27 
682 
64 
807 
505 
765 
543 
378 
993 
276 
717 
641 
475 
686 
19 
569 
60 
865 
583 
263 
35 
607 
971 
703 
297 
65 
222 
626 
215 
994 
186 
782 
204 
423 
182 
497 
942 
404 
884 
293 
633 
91 
301 
411 
382 
554 
532 
641 
238 
514 
401 
741 
136 
247 
727 
751 
423 
989 
543 
850 
927 
711 
358 
324 
841 
846 
149 
503 
229 
488 
312 
398 
375 
134 
681 
515 
982 
347 
965 
632 
65 
530 
415 
741 
642 
447 
84 
762 
199 
209 
927 
389 
719 
902 
670 
998 
51 
879 
445 
881 
389 
670 
49 
748 
780 
758 
295 
826 
456 
9 
214 
207 
972 
343 
755 
533 
554 
326 
339 
966 
659 
893 
78 
483 
670 
590 
778 
796 
49 
995 
846 
193 
702 
536 
536 
521 
280 
321 
721 
648 
478 
645 
927 
918 
495 
699 
379 
198 
431 
932 
541 
717 
169 
130 
604 
572 
349 
423 
322 
830 
996 
441 
496 
966 
242 
597 
894 
11 
946 
265 
525 
325 
280 
750 
433 
901 
115 
654 
617 
248 
90 
10 
648 
485 
505 
247 
409 
367 
348 
818 
319 
564 
155 
314 
603 
767 
566 
61 
457 
99 
259 
341 
717 
401 
350 
820 
42 
948 
720 
806 
323 
3 
371 
231 
142 
94 
84 
885 
997 
13 
818 
46 
607 
46 
735 
717 
207 
597 
797 
297 
547 
320 
106 
846 
296 
692 
967 
976 
515 
202 
765 
533 
723 
446 
905 
891 
181 
26 
266 
227 
704 
230 
400 
612 
403 
283 
583 
602 
484 
496 
540 
368 
699 
796 
248 
619 
933 
749 
899 
801 
829 
929 
955 
827 
872 
602 
44 
55 
375 
575 
282 
305 
699 
402 
525 
642 
444 
796 
652 
697 
138 
703 
966 
498 
592 
533 
388 
348 
62 
629 
707 
40 
942 
743 
329 
686 
425 
0 
238 
410 
547 
927 
469 
927 
980 
488 
882 
266 
608 
529 
838 
43 
474 
732 
729 
375 
964 
661 
103 
962 
250 
820 
511 
363 
960 
380 
104 
192 
104 
133 
652 
340 
273 
152 
874 
446 
916 
346 
718 
236 
529 
314 
908 
759 
162 
597 
45 
80 
926 
426 
841 
236 
361 
154 
382 
908 
273 
466 
367 
200 
228 
236 
249 
157 
41 
675 
186 
525 
172 
406 
2 
230 
822 
30 
807 
205 
404 
515 
619 
388 
110 
660 
225 
258 
163 
358 
721 
434 
955 
976 
615 
415 
949 
44 
11 
102 
555 
503 
196 
140 
778 
533 
262 
162 
782 
751 
118 
126 
534 
974 
715 
772 
596 
85 
56 
892 
416 
970 
183 
166 
757 
5 
288 
548 
483 
796 
946 
342 
271 
838 
641 
348 
64 
630 
49 
335 
387 
595 
298 
505 
954 
966 
84 
327 
144 
75 
469 
315 
552 
724 
449 
23 
950 
770 
161 
159 
182 
701 
87 
206 
789 
158 
129 
444 
725 
803 
172 
214 
900 
107 
978 
174 
662 
915 
271 
917 
266 
56 
313 
782 
531 
861 
454 
317 
720 
839 
419 
816 
694 
471 
722 
21 
997 
136 
675 
340 
56 
427 
462 
494 
497 
183 
431 
742 
492 
820 
843 
262 
386 
106 
771 
558 
913 
893 
463 
57 
234 
668 
421 
936 
500 
322 
698 
203 
695 
260 
471 
724 
883 
613 
544 
495 
802 
303 
569 
664 
571 
346 
625 
779 
216 
658 
740 
985 
627 
531 
692 
410 
108 
64 
936 
942 
446 
670 
351 
400 
131 
674 
46 
597 
165 
210 
65 
769 
423 
602 
479 
868 
931 
965 
1 
579 
845 
799 
452 
489 
895 
993 
916 
544 
710 
725 
67 
642 
445 
738 
43 
957 
305 
338 
640 
735 
462 
802 
162 
29 
184 
569 
121 
434 
899 
349 
74 
703 
879 
435 
82 
270 
542 
997 
704 
715 
552 
929 
631 
549 
242 
183 
691 
841 
666 
403 
597 
528 
94 
476 
530 
378 
125 
580 
97 
683 
637 
674 
44 
349 
375 
356 
678 
70 
993 
0 
343 
412 
898 
613 
548 
558 
179 
933 
474 
484 
108 
302 
435 
610 
285 
826 
890 
153 
966 
827 
948 
14 
904 
851 
65 
415 
302 
475 
233 
947 
966 
962 
218 
282 
229 
529 
681 
573 
202 
420 
54 
15 
745 
427 
781 
228 
91 
642 
450 
617 
643 
158 
325 
604 
61 
65 
78 
493 
682 
824 
307 
805 
319 
811 
664 
437 
703 
852 
766 
579 
781 
276 
655 
953 
903 
682 
737 
871 
864 
757 
209 
658 
845 
309 
282 
244 
994 
932 
358 
797 
149 
555 
939 
786 
203 
978 
578 
614 
233 
344 
412 
871 
294 
404 
294 
514 
360 
699 
975 
641 
324 
971 
960 
164 
938 
63 
283 
198 
264 
644 
358 
545 
621 
403 
274 
884 
137 
633 
647 
780 
