965 
618 
913 
28 
480 
498 
418 
514 
718 
164 
731 
5 
927 
532 
176 
242 
323 
436 
298 
985 
644 
568 
286 
400 
817 
823 
44 
940 
837 
604 
597 
749 
519 
261 
326 
618 
411 
708 
845 
421 
41 
749 
714 
8 
412 
15 
896 
624 
390 
510 
356 
136 
330 
888 
253 
609 
778 
239 
532 
425 
338 
646 
494 
338 
845 
152 
303 
981 
182 
309 
506 
406 
961 
886 
398 
610 
844 
123 
811 
902 
344 
427 
518 
225 
228 
196 
993 
989 
316 
212 
574 
434 
877 
447 
213 
492 
381 
89 
796 
830 
689 
966 
599 
134 
607 
152 
88 
931 
53 
322 
952 
548 
425 
123 
327 
43 
226 
716 
25 
779 
743 
301 
218 
549 
663 
717 
187 
105 
168 
913 
708 
731 
580 
463 
428 
116 
169 
91 
40 
787 
320 
730 
920 
883 
705 
805 
120 
7 
428 
560 
206 
227 
435 
804 
535 
284 
46 
449 
487 
387 
311 
968 
40 
486 
952 
704 
938 
640 
745 
751 
605 
155 
374 
52 
491 
234 
856 
187 
257 
995 
923 
192 
103 
429 
368 
751 
318 
847 
132 
827 
593 
554 
281 
798 
280 
55 
115 
481 
17 
307 
189 
148 
855 
938 
157 
880 
384 
242 
614 
947 
353 
818 
245 
428 
621 
490 
582 
911 
454 
836 
239 
619 
395 
900 
613 
218 
170 
325 
62 
937 
656 
260 
959 
801 
655 
504 
367 
925 
887 
858 
315 
502 
585 
441 
147 
971 
375 
593 
717 
92 
552 
85 
137 
944 
187 
803 
445 
