135 
39 
422 
198 
15 
128 
573 
478 
259 
446 
51 
556 
895 
741 
867 
505 
989 
225 
339 
21 
518 
482 
886 
740 
652 
617 
333 
51 
485 
91 
847 
296 
474 
806 
894 
377 
521 
882 
652 
323 
960 
858 
22 
718 
555 
963 
608 
630 
439 
300 
41 
518 
816 
94 
393 
0 
408 
717 
280 
936 
801 
176 
200 
74 
197 
62 
445 
81 
28 
762 
596 
785 
38 
440 
802 
31 
265 
360 
463 
208 
389 
307 
970 
191 
406 
587 
975 
643 
730 
984 
991 
432 
428 
288 
966 
501 
544 
47 
82 
246 
687 
343 
866 
738 
302 
729 
206 
544 
538 
357 
262 
166 
174 
807 
406 
394 
657 
50 
792 
148 
370 
425 
170 
923 
245 
140 
57 
263 
874 
872 
358 
176 
316 
226 
320 
37 
911 
669 
58 
135 
390 
561 
767 
719 
412 
999 
707 
77 
673 
363 
396 
443 
663 
921 
65 
321 
406 
307 
82 
34 
133 
825 
904 
703 
305 
570 
741 
218 
147 
379 
31 
286 
341 
910 
897 
229 
677 
724 
475 
26 
294 
893 
340 
208 
835 
759 
237 
906 
29 
86 
807 
397 
919 
835 
592 
795 
479 
256 
378 
801 
408 
315 
572 
75 
879 
825 
269 
807 
826 
229 
158 
855 
863 
105 
31 
803 
692 
404 
789 
254 
739 
796 
931 
456 
953 
470 
910 
484 
934 
956 
102 
754 
215 
878 
441 
880 
995 
292 
194 
13 
139 
171 
514 
246 
230 
646 
342 
804 
235 
191 
138 
846 
128 
782 
843 
763 
538 
705 
891 
634 
502 
901 
785 
30 
672 
876 
711 
212 
650 
783 
376 
855 
248 
614 
849 
14 
209 
493 
839 
771 
976 
97 
10 
688 
595 
180 
865 
782 
868 
157 
110 
942 
983 
44 
155 
491 
75 
988 
765 
111 
612 
330 
983 
557 
904 
725 
242 
271 
353 
878 
484 
177 
619 
506 
679 
157 
438 
381 
708 
729 
253 
81 
687 
702 
448 
128 
941 
290 
0 
303 
531 
753 
81 
683 
576 
327 
444 
848 
622 
961 
486 
56 
933 
12 
219 
977 
729 
926 
759 
570 
317 
804 
126 
910 
55 
43 
474 
690 
494 
956 
214 
548 
714 
377 
761 
693 
178 
53 
396 
737 
692 
164 
167 
843 
305 
413 
953 
174 
518 
569 
167 
418 
794 
351 
503 
716 
725 
694 
70 
521 
862 
535 
534 
860 
864 
825 
91 
158 
742 
607 
336 
13 
468 
720 
926 
9 
576 
805 
581 
938 
256 
424 
702 
926 
174 
2 
56 
442 
217 
445 
817 
438 
790 
756 
968 
782 
79 
233 
785 
206 
379 
309 
960 
479 
47 
141 
793 
647 
722 
754 
519 
749 
695 
961 
444 
813 
646 
533 
809 
977 
668 
922 
966 
281 
949 
332 
804 
731 
999 
871 
289 
455 
129 
696 
388 
573 
531 
931 
73 
344 
344 
582 
535 
494 
361 
486 
440 
592 
636 
473 
905 
544 
453 
348 
571 
913 
403 
422 
290 
299 
575 
308 
252 
310 
496 
518 
555 
375 
874 
266 
502 
9 
40 
288 
749 
702 
864 
598 
244 
567 
423 
796 
610 
847 
796 
546 
354 
222 
449 
401 
721 
181 
71 
248 
361 
438 
377 
208 
286 
374 
36 
618 
624 
277 
501 
623 
704 
541 
123 
800 
910 
297 
287 
928 
538 
160 
698 
638 
377 
122 
774 
95 
282 
554 
527 
155 
42 
60 
595 
719 
989 
698 
592 
292 
414 
570 
180 
253 
993 
818 
835 
358 
695 
366 
901 
43 
194 
697 
238 
111 
833 
546 
530 
543 
45 
161 
832 
166 
917 
123 
206 
146 
496 
882 
358 
422 
890 
568 
391 
361 
96 
53 
775 
439 
663 
383 
632 
463 
433 
314 
40 
285 
26 
457 
493 
769 
434 
923 
881 
943 
420 
897 
123 
104 
222 
334 
766 
745 
34 
280 
445 
275 
381 
567 
263 
739 
309 
980 
8 
795 
465 
508 
40 
312 
387 
605 
672 
477 
457 
167 
418 
752 
413 
374 
257 
123 
937 
640 
489 
598 
335 
434 
511 
75 
336 
928 
164 
90 
635 
812 
486 
790 
920 
951 
719 
408 
925 
462 
2 
587 
546 
862 
196 
687 
32 
107 
144 
482 
63 
558 
814 
380 
248 
781 
756 
289 
264 
271 
188 
620 
911 
560 
984 
186 
247 
418 
100 
925 
849 
61 
812 
3 
716 
384 
582 
446 
151 
440 
552 
140 
377 
416 
805 
554 
503 
866 
972 
197 
662 
677 
289 
57 
610 
928 
585 
470 
14 
629 
288 
511 
637 
994 
125 
309 
104 
748 
184 
556 
144 
668 
106 
43 
239 
255 
70 
490 
794 
24 
647 
455 
74 
97 
267 
498 
244 
643 
526 
42 
445 
178 
930 
647 
969 
36 
429 
73 
966 
611 
459 
376 
125 
184 
429 
814 
433 
755 
530 
315 
91 
80 
734 
239 
700 
428 
233 
565 
292 
457 
745 
518 
811 
526 
986 
179 
31 
827 
836 
79 
446 
36 
406 
332 
172 
635 
306 
829 
558 
467 
185 
292 
328 
882 
576 
710 
92 
902 
75 
19 
204 
379 
641 
730 
346 
620 
192 
20 
813 
961 
691 
792 
503 
727 
569 
983 
406 
390 
680 
144 
871 
119 
809 
519 
945 
837 
446 
170 
689 
926 
225 
917 
466 
977 
239 
726 
560 
202 
133 
683 
437 
355 
961 
890 
291 
566 
572 
185 
378 
913 
191 
32 
980 
80 
724 
387 
352 
609 
310 
676 
517 
852 
732 
913 
767 
306 
257 
770 
622 
496 
168 
974 
365 
420 
846 
806 
240 
303 
48 
394 
682 
155 
639 
747 
845 
126 
865 
424 
227 
352 
66 
733 
22 
834 
883 
33 
299 
215 
113 
574 
820 
831 
201 
607 
493 
586 
939 
653 
975 
98 
476 
130 
644 
92 
57 
458 
82 
137 
641 
222 
220 
775 
538 
827 
933 
269 
814 
827 
526 
575 
151 
835 
329 
175 
985 
52 
991 
845 
295 
989 
936 
752 
649 
49 
329 
725 
100 
621 
355 
936 
306 
438 
249 
617 
708 
128 
169 
896 
670 
753 
111 
283 
106 
927 
375 
207 
279 
687 
994 
678 
362 
360 
218 
705 
598 
103 
769 
846 
120 
301 
287 
755 
198 
862 
971 
636 
794 
19 
4 
856 
210 
26 
992 
723 
714 
443 
372 
176 
923 
183 
141 
589 
53 
525 
271 
340 
739 
77 
268 
502 
166 
616 
551 
931 
661 
583 
241 
848 
635 
867 
524 
472 
202 
997 
839 
606 
567 
960 
553 
505 
69 
812 
577 
641 
439 
155 
125 
378 
496 
121 
865 
998 
445 
368 
707 
744 
118 
521 
957 
62 
768 
490 
778 
934 
494 
852 
293 
901 
258 
500 
806 
563 
646 
677 
182 
851 
520 
212 
237 
250 
606 
684 
338 
198 
93 
267 
435 
809 
769 
733 
981 
573 
424 
151 
94 
842 
943 
838 
497 
63 
466 
537 
603 
54 
662 
948 
572 
98 
993 
799 
647 
725 
116 
583 
733 
989 
943 
315 
534 
454 
430 
801 
450 
7 
995 
98 
456 
206 
788 
571 
637 
876 
407 
526 
535 
625 
435 
928 
330 
447 
712 
772 
515 
746 
618 
464 
531 
979 
754 
423 
390 
649 
158 
679 
700 
473 
570 
259 
968 
135 
510 
731 
559 
614 
153 
370 
852 
28 
527 
217 
850 
826 
464 
435 
120 
434 
17 
41 
252 
105 
446 
486 
577 
464 
320 
381 
571 
109 
395 
546 
853 
223 
668 
830 
153 
571 
473 
423 
384 
960 
649 
15 
954 
346 
262 
540 
864 
781 
528 
392 
383 
559 
404 
82 
952 
147 
900 
293 
175 
843 
185 
87 
920 
862 
366 
980 
41 
835 
831 
788 
316 
221 
753 
123 
971 
447 
212 
55 
265 
650 
679 
895 
686 
556 
403 
538 
795 
123 
354 
862 
591 
91 
41 
458 
633 
692 
788 
126 
584 
519 
849 
481 
487 
554 
104 
867 
500 
362 
185 
932 
196 
617 
239 
61 
887 
337 
915 
862 
738 
919 
523 
367 
636 
827 
765 
219 
576 
152 
127 
274 
877 
223 
849 
270 
91 
808 
45 
480 
343 
507 
677 
572 
184 
827 
126 
698 
451 
397 
108 
46 
764 
473 
719 
690 
630 
54 
84 
75 
381 
162 
422 
569 
290 
106 
78 
835 
670 
774 
697 
259 
571 
929 
881 
53 
807 
904 
503 
214 
114 
793 
543 
762 
514 
894 
636 
774 
629 
258 
422 
784 
408 
515 
25 
452 
389 
352 
945 
376 
657 
349 
490 
330 
991 
397 
684 
976 
831 
576 
607 
849 
812 
69 
243 
434 
445 
168 
212 
699 
193 
488 
828 
251 
528 
107 
529 
193 
247 
635 
552 
773 
836 
373 
938 
886 
916 
166 
367 
86 
842 
977 
456 
675 
520 
560 
161 
398 
666 
687 
462 
305 
849 
47 
117 
597 
806 
313 
141 
666 
976 
184 
701 
355 
111 
789 
561 
256 
90 
589 
672 
645 
542 
118 
913 
364 
415 
626 
407 
511 
412 
483 
251 
336 
398 
495 
961 
692 
122 
846 
845 
341 
352 
258 
816 
200 
274 
717 
725 
295 
600 
506 
273 
367 
59 
949 
851 
420 
946 
884 
24 
771 
730 
994 
913 
600 
376 
722 
729 
322 
12 
825 
706 
756 
958 
831 
320 
533 
700 
151 
576 
994 
432 
780 
769 
874 
803 
294 
988 
179 
526 
510 
513 
699 
91 
303 
403 
202 
287 
334 
252 
254 
595 
547 
331 
278 
579 
743 
29 
867 
655 
24 
337 
643 
608 
532 
153 
312 
373 
387 
822 
809 
78 
167 
772 
496 
320 
896 
446 
148 
139 
731 
754 
239 
648 
179 
104 
410 
272 
251 
687 
624 
521 
147 
9 
665 
657 
441 
880 
272 
952 
97 
161 
79 
793 
544 
624 
576 
593 
902 
852 
743 
444 
570 
156 
943 
764 
66 
490 
650 
291 
243 
967 
214 
35 
198 
671 
12 
307 
676 
102 
26 
77 
707 
124 
51 
294 
121 
125 
573 
206 
856 
204 
892 
217 
835 
537 
781 
957 
888 
32 
933 
700 
558 
236 
723 
820 
801 
947 
772 
326 
964 
364 
366 
940 
366 
143 
694 
478 
633 
956 
334 
343 
934 
398 
793 
907 
229 
441 
849 
827 
804 
514 
955 
229 
61 
790 
993 
86 
453 
774 
561 
913 
290 
905 
459 
317 
173 
658 
505 
513 
376 
491 
386 
771 
722 
411 
552 
538 
248 
804 
227 
328 
78 
104 
780 
412 
175 
85 
775 
927 
58 
862 
899 
78 
893 
661 
763 
871 
94 
726 
346 
999 
367 
37 
243 
915 
442 
994 
799 
798 
414 
795 
211 
834 
616 
443 
304 
755 
349 
274 
340 
328 
927 
774 
834 
27 
574 
960 
414 
619 
737 
177 
379 
576 
950 
591 
400 
551 
190 
443 
304 
182 
500 
437 
9 
3 
495 
786 
23 
496 
750 
437 
642 
857 
476 
75 
550 
705 
853 
363 
762 
698 
119 
390 
667 
851 
188 
315 
265 
39 
775 
903 
361 
620 
77 
523 
117 
449 
438 
934 
962 
611 
107 
348 
80 
202 
835 
183 
759 
96 
345 
285 
608 
129 
896 
818 
33 
705 
706 
64 
998 
395 
108 
292 
404 
78 
503 
931 
175 
605 
35 
461 
583 
350 
708 
409 
38 
938 
233 
57 
77 
383 
619 
911 
736 
291 
899 
927 
439 
450 
383 
623 
207 
754 
743 
845 
928 
261 
858 
776 
807 
22 
822 
25 
575 
160 
24 
19 
580 
995 
313 
433 
649 
256 
802 
279 
610 
143 
833 
564 
676 
974 
892 
935 
948 
605 
173 
335 
261 
73 
551 
863 
854 
374 
208 
826 
531 
528 
160 
203 
522 
419 
121 
896 
985 
137 
47 
895 
679 
836 
577 
818 
600 
61 
160 
640 
493 
789 
232 
620 
563 
457 
478 
626 
138 
451 
241 
374 
105 
143 
635 
447 
128 
379 
345 
37 
663 
955 
529 
423 
605 
803 
348 
88 
667 
838 
140 
306 
330 
799 
464 
563 
362 
327 
94 
496 
629 
934 
376 
495 
555 
965 
66 
169 
343 
163 
82 
296 
625 
374 
449 
757 
502 
436 
842 
854 
165 
331 
808 
662 
931 
718 
285 
645 
250 
97 
808 
993 
581 
319 
246 
557 
967 
689 
556 
177 
861 
410 
300 
890 
113 
561 
495 
651 
696 
639 
90 
372 
982 
138 
699 
667 
681 
745 
981 
585 
651 
688 
891 
174 
396 
526 
586 
702 
495 
981 
770 
277 
827 
882 
910 
346 
734 
654 
682 
89 
965 
44 
68 
979 
302 
524 
302 
905 
946 
967 
19 
719 
53 
452 
568 
182 
992 
58 
541 
692 
890 
7 
860 
368 
834 
225 
929 
272 
927 
291 
514 
213 
300 
562 
857 
554 
446 
329 
432 
425 
79 
825 
501 
159 
849 
317 
390 
625 
971 
541 
430 
294 
272 
208 
769 
111 
688 
440 
548 
285 
198 
849 
520 
97 
676 
531 
713 
290 
796 
56 
162 
434 
881 
879 
708 
562 
189 
642 
630 
575 
380 
717 
678 
357 
520 
992 
929 
564 
415 
647 
832 
79 
882 
976 
20 
740 
751 
101 
299 
153 
801 
250 
587 
68 
63 
809 
791 
895 
362 
60 
120 
497 
483 
219 
421 
504 
188 
735 
869 
173 
21 
86 
20 
897 
219 
288 
357 
607 
164 
81 
384 
961 
46 
424 
596 
160 
624 
415 
774 
438 
489 
172 
947 
15 
64 
495 
130 
207 
123 
853 
301 
389 
660 
580 
761 
824 
441 
368 
364 
17 
771 
398 
448 
306 
641 
592 
565 
701 
478 
80 
395 
784 
984 
80 
759 
751 
515 
416 
454 
178 
469 
729 
800 
281 
771 
147 
807 
190 
916 
842 
201 
58 
340 
566 
73 
90 
836 
274 
429 
915 
520 
613 
492 
300 
401 
160 
926 
419 
284 
440 
448 
514 
274 
484 
127 
387 
706 
81 
85 
938 
612 
68 
747 
442 
391 
983 
254 
763 
174 
960 
845 
115 
325 
406 
545 
434 
587 
222 
605 
730 
963 
909 
41 
550 
651 
742 
906 
170 
800 
871 
164 
253 
793 
839 
442 
810 
660 
170 
621 
853 
334 
641 
564 
380 
223 
971 
979 
947 
757 
880 
751 
324 
896 
752 
336 
471 
542 
863 
712 
487 
839 
820 
787 
165 
91 
523 
752 
497 
99 
767 
215 
662 
526 
812 
59 
414 
221 
940 
321 
374 
193 
183 
338 
466 
107 
553 
310 
468 
956 
943 
913 
657 
822 
122 
803 
252 
971 
919 
626 
536 
573 
766 
483 
576 
325 
170 
593 
385 
311 
296 
277 
563 
6 
451 
830 
651 
372 
480 
114 
349 
501 
349 
670 
696 
197 
319 
235 
170 
191 
333 
810 
118 
696 
279 
514 
754 
139 
219 
687 
854 
165 
912 
188 
442 
444 
508 
484 
536 
148 
588 
6 
162 
154 
651 
399 
244 
396 
612 
748 
581 
417 
107 
840 
595 
533 
305 
803 
437 
976 
126 
188 
844 
208 
781 
40 
716 
515 
146 
348 
703 
337 
54 
719 
572 
185 
687 
307 
942 
68 
785 
414 
231 
71 
250 
508 
783 
133 
661 
951 
176 
372 
637 
129 
308 
542 
476 
225 
400 
363 
892 
493 
666 
597 
406 
791 
482 
236 
34 
91 
517 
539 
974 
712 
408 
483 
578 
629 
427 
222 
123 
269 
299 
303 
158 
406 
588 
488 
0 
775 
55 
196 
316 
712 
401 
262 
292 
470 
180 
473 
3 
775 
234 
354 
971 
458 
478 
43 
875 
811 
662 
746 
211 
174 
446 
969 
906 
634 
262 
814 
400 
128 
88 
590 
416 
124 
506 
886 
248 
875 
427 
970 
644 
101 
211 
41 
919 
718 
355 
441 
124 
151 
856 
863 
941 
490 
338 
474 
297 
454 
66 
809 
915 
135 
915 
417 
233 
874 
47 
3 
394 
303 
829 
862 
275 
608 
498 
577 
84 
353 
727 
268 
886 
537 
1 
719 
72 
216 
702 
986 
483 
297 
126 
135 
66 
514 
32 
149 
774 
825 
16 
63 
969 
922 
309 
581 
417 
854 
375 
384 
312 
710 
360 
875 
153 
880 
90 
369 
93 
457 
114 
274 
656 
388 
572 
746 
333 
162 
480 
859 
785 
938 
563 
33 
638 
75 
328 
462 
862 
960 
280 
872 
876 
467 
336 
288 
189 
885 
971 
389 
540 
492 
695 
168 
207 
902 
388 
736 
244 
78 
842 
681 
512 
893 
306 
25 
345 
442 
896 
139 
138 
997 
279 
664 
631 
248 
510 
290 
458 
743 
954 
498 
69 
10 
340 
101 
801 
880 
556 
723 
983 
974 
782 
121 
708 
161 
252 
207 
226 
184 
332 
307 
509 
598 
204 
63 
555 
782 
587 
801 
464 
439 
49 
938 
224 
570 
794 
106 
302 
314 
918 
234 
317 
668 
509 
209 
861 
238 
874 
355 
233 
565 
501 
798 
742 
186 
741 
591 
742 
741 
46 
805 
678 
980 
423 
628 
437 
373 
343 
277 
846 
755 
314 
548 
671 
614 
774 
883 
659 
646 
35 
997 
205 
488 
114 
508 
342 
442 
812 
751 
409 
436 
143 
350 
77 
631 
173 
704 
955 
331 
285 
544 
304 
11 
974 
627 
53 
212 
641 
373 
598 
159 
63 
413 
871 
34 
891 
166 
781 
69 
496 
495 
124 
283 
518 
389 
373 
984 
321 
518 
915 
923 
531 
666 
54 
684 
60 
414 
359 
967 
487 
513 
373 
113 
214 
795 
543 
154 
632 
330 
571 
28 
34 
990 
343 
644 
284 
864 
246 
582 
822 
639 
341 
573 
538 
539 
206 
395 
427 
533 
837 
326 
999 
198 
185 
333 
137 
783 
653 
745 
914 
393 
192 
839 
129 
622 
873 
748 
400 
160 
183 
530 
321 
313 
609 
347 
537 
586 
609 
259 
860 
360 
854 
75 
873 
692 
970 
434 
943 
537 
521 
271 
392 
883 
91 
509 
877 
687 
412 
774 
138 
885 
338 
955 
396 
541 
446 
946 
72 
601 
847 
946 
533 
719 
667 
707 
189 
323 
936 
57 
672 
130 
818 
443 
266 
89 
758 
838 
606 
767 
238 
232 
547 
856 
669 
10 
550 
772 
470 
253 
0 
439 
8 
384 
625 
346 
885 
56 
732 
18 
491 
98 
293 
616 
338 
541 
817 
433 
647 
652 
269 
359 
520 
578 
754 
343 
569 
102 
679 
900 
415 
18 
255 
556 
915 
294 
165 
265 
465 
434 
205 
771 
546 
244 
933 
733 
223 
23 
100 
405 
183 
797 
281 
175 
546 
909 
663 
828 
470 
432 
680 
39 
602 
633 
784 
240 
898 
652 
187 
413 
258 
721 
17 
942 
286 
440 
416 
735 
42 
750 
715 
859 
61 
377 
219 
143 
723 
193 
259 
549 
772 
456 
304 
747 
775 
435 
608 
379 
251 
457 
578 
708 
463 
739 
423 
185 
95 
189 
263 
24 
642 
229 
343 
181 
483 
289 
121 
176 
813 
573 
69 
348 
378 
421 
303 
106 
725 
96 
297 
926 
311 
734 
226 
751 
167 
187 
991 
525 
629 
716 
385 
750 
65 
369 
975 
658 
615 
220 
653 
96 
462 
834 
701 
896 
697 
599 
286 
570 
670 
231 
498 
663 
77 
530 
644 
895 
811 
935 
833 
818 
512 
572 
158 
515 
933 
957 
379 
106 
130 
811 
479 
481 
135 
399 
4 
1 
338 
288 
860 
117 
408 
96 
403 
511 
359 
686 
575 
170 
955 
496 
606 
753 
871 
30 
351 
902 
991 
951 
636 
476 
668 
566 
117 
585 
488 
869 
209 
231 
410 
501 
257 
402 
628 
589 
213 
151 
699 
529 
619 
826 
279 
253 
813 
80 
108 
690 
963 
407 
103 
719 
672 
250 
141 
940 
553 
418 
993 
947 
788 
521 
836 
121 
941 
833 
138 
244 
511 
165 
610 
948 
145 
94 
815 
766 
430 
688 
53 
871 
386 
46 
485 
966 
890 
43 
429 
950 
235 
666 
9 
282 
61 
177 
431 
978 
1 
730 
330 
773 
889 
666 
108 
87 
376 
885 
482 
5 
586 
994 
579 
454 
940 
978 
9 
876 
71 
535 
451 
635 
465 
235 
482 
394 
125 
799 
50 
464 
756 
397 
483 
761 
716 
671 
177 
345 
768 
329 
321 
807 
880 
548 
294 
574 
642 
653 
362 
968 
777 
238 
792 
292 
549 
244 
546 
210 
923 
817 
822 
228 
919 
354 
767 
967 
743 
955 
609 
682 
170 
537 
724 
423 
528 
200 
773 
160 
435 
895 
657 
939 
343 
33 
612 
240 
182 
261 
850 
67 
640 
800 
539 
710 
129 
569 
932 
257 
962 
429 
859 
316 
892 
69 
435 
507 
523 
165 
98 
163 
424 
582 
823 
893 
185 
326 
503 
360 
989 
70 
769 
404 
306 
76 
801 
837 
490 
226 
619 
436 
446 
839 
425 
948 
641 
933 
854 
587 
400 
723 
83 
256 
176 
203 
673 
804 
32 
430 
561 
252 
289 
439 
961 
606 
500 
877 
944 
97 
266 
493 
819 
954 
578 
992 
769 
149 
814 
121 
964 
368 
775 
985 
585 
206 
651 
302 
146 
827 
923 
953 
153 
307 
562 
48 
736 
696 
107 
500 
503 
4 
650 
683 
414 
131 
750 
296 
627 
901 
741 
305 
406 
962 
808 
433 
124 
502 
41 
336 
297 
984 
907 
568 
848 
478 
752 
865 
760 
339 
561 
303 
55 
555 
993 
394 
866 
694 
738 
759 
705 
284 
213 
909 
869 
816 
204 
842 
259 
960 
395 
207 
533 
708 
646 
81 
487 
436 
196 
234 
351 
607 
605 
248 
376 
545 
879 
907 
297 
548 
791 
685 
442 
635 
415 
269 
998 
859 
746 
124 
56 
347 
992 
804 
151 
838 
814 
366 
643 
414 
925 
19 
645 
443 
295 
661 
282 
556 
517 
951 
409 
469 
772 
514 
549 
546 
689 
241 
492 
354 
995 
951 
777 
760 
40 
232 
799 
854 
163 
125 
631 
131 
900 
764 
668 
735 
464 
400 
789 
428 
346 
236 
795 
640 
322 
982 
939 
168 
613 
594 
166 
510 
822 
667 
959 
318 
676 
42 
245 
646 
219 
896 
498 
636 
775 
230 
330 
477 
22 
455 
416 
26 
430 
156 
166 
117 
624 
425 
564 
141 
155 
310 
491 
407 
179 
145 
874 
630 
427 
1 
376 
972 
360 
814 
563 
929 
600 
391 
361 
834 
196 
116 
189 
238 
298 
854 
820 
670 
710 
11 
344 
131 
977 
358 
292 
996 
794 
855 
762 
95 
285 
95 
434 
768 
737 
847 
347 
105 
887 
209 
911 
849 
215 
270 
866 
207 
405 
154 
475 
632 
388 
509 
166 
592 
673 
923 
745 
709 
476 
870 
670 
906 
939 
987 
313 
611 
815 
26 
642 
748 
74 
554 
717 
503 
697 
941 
944 
406 
135 
95 
900 
285 
11 
749 
960 
4 
763 
100 
378 
780 
40 
327 
311 
743 
467 
861 
494 
717 
601 
521 
744 
700 
763 
52 
402 
887 
729 
145 
422 
258 
801 
935 
287 
85 
242 
932 
620 
104 
693 
504 
911 
918 
150 
960 
437 
309 
648 
812 
808 
477 
415 
795 
380 
590 
482 
6 
408 
263 
248 
802 
270 
516 
873 
145 
180 
824 
57 
323 
779 
419 
841 
433 
343 
710 
15 
339 
536 
637 
951 
922 
513 
387 
889 
144 
88 
845 
221 
471 
365 
767 
733 
896 
494 
420 
58 
413 
474 
237 
513 
249 
805 
735 
510 
630 
331 
841 
154 
630 
64 
478 
474 
950 
912 
889 
968 
464 
138 
142 
598 
417 
722 
945 
744 
243 
767 
769 
913 
107 
954 
164 
905 
173 
105 
625 
469 
822 
651 
714 
631 
299 
749 
377 
80 
408 
500 
292 
603 
252 
235 
420 
228 
795 
815 
514 
849 
27 
105 
619 
0 
579 
989 
158 
377 
857 
521 
923 
341 
955 
199 
831 
55 
945 
286 
133 
722 
489 
822 
551 
363 
66 
891 
173 
352 
541 
100 
69 
465 
728 
420 
515 
270 
397 
600 
107 
154 
660 
163 
253 
518 
420 
991 
640 
113 
463 
644 
339 
350 
367 
846 
792 
591 
299 
818 
617 
905 
271 
616 
607 
783 
659 
432 
329 
603 
578 
166 
842 
699 
773 
648 
494 
481 
57 
858 
694 
269 
119 
759 
610 
310 
667 
355 
15 
175 
943 
999 
66 
751 
49 
61 
3 
307 
498 
828 
420 
576 
352 
414 
300 
324 
990 
792 
551 
476 
458 
825 
953 
68 
240 
303 
587 
874 
229 
23 
397 
315 
591 
155 
549 
450 
691 
713 
303 
854 
758 
265 
709 
692 
168 
727 
128 
885 
934 
451 
120 
378 
128 
501 
552 
364 
986 
452 
934 
8 
110 
408 
986 
292 
897 
974 
892 
955 
461 
277 
963 
551 
784 
439 
603 
616 
923 
306 
311 
551 
293 
448 
384 
752 
553 
843 
500 
24 
885 
885 
802 
378 
44 
423 
5 
161 
583 
416 
175 
449 
303 
505 
312 
302 
214 
14 
535 
706 
727 
775 
9 
33 
355 
344 
855 
96 
438 
702 
212 
757 
761 
20 
672 
40 
521 
332 
783 
522 
504 
177 
38 
509 
682 
804 
86 
92 
594 
390 
729 
252 
678 
806 
21 
588 
8 
203 
767 
833 
703 
277 
977 
53 
806 
239 
279 
744 
707 
287 
359 
824 
579 
921 
840 
405 
204 
936 
428 
448 
995 
702 
432 
237 
783 
495 
323 
318 
205 
825 
909 
315 
717 
655 
27 
247 
276 
966 
848 
172 
756 
791 
110 
521 
562 
583 
269 
571 
230 
547 
355 
210 
624 
128 
149 
38 
569 
57 
996 
338 
496 
514 
564 
591 
294 
509 
465 
683 
260 
59 
931 
932 
267 
470 
587 
920 
36 
68 
502 
135 
569 
638 
826 
763 
987 
506 
175 
726 
478 
526 
296 
837 
266 
310 
569 
868 
4 
935 
803 
786 
212 
413 
799 
326 
824 
834 
519 
98 
417 
552 
507 
919 
11 
329 
906 
802 
419 
253 
63 
837 
933 
588 
886 
785 
732 
988 
23 
282 
557 
77 
195 
523 
653 
891 
52 
820 
154 
748 
970 
681 
488 
947 
275 
141 
30 
92 
66 
567 
392 
216 
388 
764 
806 
284 
535 
765 
708 
61 
44 
666 
955 
503 
430 
174 
168 
630 
11 
573 
43 
428 
715 
140 
331 
364 
55 
713 
313 
286 
955 
378 
674 
749 
287 
666 
185 
541 
722 
833 
308 
545 
776 
779 
877 
364 
479 
564 
475 
198 
556 
138 
650 
977 
867 
956 
161 
189 
118 
473 
763 
393 
325 
332 
97 
474 
615 
559 
142 
641 
264 
430 
546 
728 
388 
541 
682 
933 
179 
596 
360 
971 
590 
66 
655 
621 
17 
688 
955 
76 
761 
727 
270 
243 
871 
372 
397 
217 
21 
691 
429 
982 
921 
235 
200 
562 
72 
336 
716 
370 
549 
182 
670 
292 
506 
765 
418 
166 
558 
976 
591 
882 
607 
634 
401 
21 
162 
915 
838 
71 
713 
935 
782 
317 
92 
776 
948 
574 
43 
173 
74 
419 
707 
851 
852 
475 
23 
107 
284 
77 
361 
932 
14 
735 
465 
123 
172 
334 
405 
528 
53 
871 
618 
162 
617 
518 
50 
125 
0 
725 
542 
60 
228 
480 
717 
370 
956 
102 
582 
893 
275 
170 
403 
821 
0 
962 
471 
209 
119 
608 
985 
251 
968 
184 
457 
101 
334 
881 
474 
899 
699 
247 
64 
395 
706 
536 
516 
355 
861 
494 
183 
618 
632 
381 
835 
914 
390 
165 
784 
676 
922 
385 
925 
740 
416 
313 
509 
478 
781 
214 
989 
258 
685 
108 
898 
740 
412 
228 
216 
735 
511 
475 
313 
170 
347 
997 
914 
259 
926 
446 
821 
932 
13 
99 
890 
196 
990 
68 
7 
879 
559 
52 
786 
208 
966 
780 
124 
118 
2 
13 
32 
444 
218 
68 
20 
902 
325 
963 
608 
521 
113 
110 
21 
314 
272 
300 
184 
826 
184 
527 
278 
888 
178 
212 
770 
535 
846 
934 
309 
481 
348 
232 
357 
269 
590 
571 
609 
325 
220 
39 
988 
371 
824 
269 
617 
621 
564 
124 
518 
686 
256 
434 
603 
479 
368 
934 
484 
798 
765 
52 
813 
174 
539 
120 
990 
535 
371 
782 
176 
647 
834 
873 
535 
561 
530 
467 
328 
814 
663 
365 
12 
145 
132 
343 
358 
558 
839 
42 
345 
942 
227 
44 
253 
540 
573 
28 
372 
116 
833 
470 
304 
469 
21 
1 
368 
388 
766 
751 
435 
779 
98 
165 
428 
346 
502 
773 
406 
725 
753 
248 
177 
613 
32 
95 
805 
12 
971 
123 
583 
195 
152 
675 
370 
622 
15 
311 
784 
691 
902 
443 
473 
566 
846 
22 
931 
745 
957 
747 
867 
506 
717 
615 
979 
613 
884 
124 
364 
20 
702 
230 
342 
500 
33 
637 
542 
330 
567 
42 
182 
158 
673 
61 
3 
223 
97 
318 
564 
110 
849 
26 
422 
823 
90 
560 
856 
982 
784 
557 
155 
926 
644 
293 
545 
72 
778 
99 
707 
514 
109 
323 
675 
718 
111 
398 
377 
884 
725 
558 
308 
754 
201 
106 
239 
595 
914 
923 
87 
70 
330 
16 
890 
714 
199 
608 
730 
30 
292 
847 
617 
21 
288 
634 
711 
913 
615 
750 
666 
687 
120 
829 
486 
69 
31 
219 
277 
367 
676 
128 
593 
79 
188 
935 
72 
598 
214 
359 
302 
270 
80 
95 
441 
627 
202 
343 
913 
298 
419 
612 
807 
391 
588 
877 
360 
221 
26 
100 
289 
378 
848 
415 
701 
217 
388 
944 
693 
956 
216 
313 
848 
465 
172 
332 
211 
36 
698 
170 
314 
502 
50 
986 
151 
757 
648 
796 
602 
460 
170 
758 
515 
796 
118 
752 
380 
2 
28 
411 
842 
859 
487 
127 
357 
670 
506 
781 
910 
881 
536 
954 
817 
471 
941 
910 
915 
400 
571 
803 
990 
41 
512 
866 
986 
717 
854 
618 
6 
268 
34 
978 
791 
540 
986 
345 
928 
181 
544 
636 
851 
721 
460 
888 
503 
924 
50 
89 
35 
400 
543 
466 
473 
836 
234 
670 
990 
934 
176 
150 
826 
927 
704 
483 
907 
158 
657 
327 
367 
375 
888 
895 
601 
813 
198 
820 
91 
893 
938 
35 
6 
534 
963 
473 
645 
726 
817 
618 
145 
398 
884 
140 
264 
897 
629 
576 
47 
801 
892 
89 
818 
171 
433 
224 
753 
340 
159 
414 
174 
491 
765 
227 
812 
737 
983 
167 
274 
670 
341 
896 
248 
758 
995 
196 
386 
180 
1 
567 
90 
21 
531 
766 
602 
33 
443 
325 
387 
110 
197 
990 
520 
373 
524 
883 
462 
873 
667 
710 
232 
173 
487 
958 
965 
53 
507 
813 
661 
87 
379 
809 
709 
531 
166 
79 
447 
274 
246 
638 
910 
467 
921 
987 
304 
972 
805 
953 
292 
966 
63 
148 
334 
817 
997 
462 
680 
323 
101 
841 
436 
707 
85 
157 
832 
434 
301 
637 
720 
213 
2 
341 
986 
76 
620 
431 
342 
566 
729 
662 
589 
273 
435 
650 
732 
428 
448 
102 
801 
464 
674 
14 
461 
975 
878 
669 
410 
67 
424 
933 
430 
18 
471 
345 
536 
600 
564 
0 
323 
445 
321 
434 
202 
441 
264 
504 
291 
214 
785 
775 
527 
837 
104 
653 
432 
603 
510 
671 
419 
925 
7 
282 
224 
97 
245 
297 
504 
863 
707 
191 
343 
513 
668 
501 
770 
46 
708 
117 
747 
389 
15 
648 
82 
497 
953 
270 
614 
847 
870 
460 
396 
432 
435 
419 
695 
243 
516 
886 
393 
618 
983 
923 
441 
912 
921 
758 
654 
129 
912 
251 
243 
715 
977 
859 
947 
660 
531 
888 
983 
276 
908 
604 
829 
708 
842 
895 
539 
255 
540 
232 
196 
776 
546 
702 
994 
868 
834 
375 
542 
353 
237 
16 
796 
799 
345 
814 
394 
702 
64 
493 
618 
305 
177 
407 
533 
266 
45 
687 
859 
477 
405 
726 
929 
481 
227 
382 
554 
452 
758 
558 
609 
615 
489 
949 
829 
26 
158 
658 
950 
464 
759 
115 
311 
591 
61 
140 
581 
313 
613 
819 
167 
334 
568 
498 
167 
502 
377 
12 
848 
209 
877 
180 
55 
969 
694 
402 
711 
91 
752 
735 
936 
946 
808 
443 
424 
868 
545 
581 
69 
289 
25 
971 
617 
793 
547 
178 
438 
69 
494 
152 
940 
298 
671 
153 
642 
401 
322 
615 
377 
2 
63 
429 
927 
74 
314 
53 
258 
954 
907 
8 
883 
723 
744 
711 
766 
903 
928 
367 
367 
577 
57 
322 
607 
655 
523 
124 
847 
54 
831 
947 
244 
544 
395 
91 
524 
242 
135 
569 
528 
673 
797 
438 
402 
142 
220 
190 
49 
486 
429 
937 
834 
111 
530 
90 
961 
296 
348 
479 
481 
537 
124 
344 
832 
579 
348 
579 
886 
233 
806 
38 
584 
463 
693 
391 
560 
466 
812 
681 
607 
912 
68 
960 
438 
689 
57 
679 
825 
782 
423 
336 
837 
385 
553 
172 
532 
518 
586 
251 
894 
760 
615 
94 
882 
238 
677 
586 
14 
79 
631 
344 
387 
396 
459 
548 
644 
486 
534 
435 
128 
448 
861 
320 
238 
526 
221 
384 
449 
846 
445 
436 
220 
229 
531 
791 
359 
294 
123 
785 
515 
758 
471 
923 
579 
395 
820 
780 
867 
607 
1 
284 
973 
479 
70 
559 
26 
121 
914 
515 
558 
829 
21 
198 
95 
747 
968 
466 
519 
933 
777 
714 
536 
974 
875 
818 
943 
748 
662 
241 
316 
386 
787 
810 
337 
601 
130 
380 
105 
721 
863 
295 
708 
42 
11 
872 
704 
807 
95 
647 
809 
541 
446 
606 
340 
896 
67 
780 
952 
303 
633 
483 
991 
785 
362 
951 
604 
321 
114 
153 
101 
806 
284 
266 
922 
605 
709 
764 
326 
603 
760 
445 
86 
277 
306 
661 
216 
83 
719 
146 
182 
453 
676 
562 
147 
460 
951 
226 
565 
220 
228 
444 
195 
552 
609 
862 
633 
719 
244 
680 
730 
254 
28 
93 
309 
382 
829 
351 
707 
559 
256 
909 
152 
669 
105 
38 
64 
762 
227 
578 
420 
428 
513 
94 
829 
832 
951 
97 
145 
127 
345 
933 
939 
576 
177 
176 
383 
407 
623 
883 
918 
276 
780 
178 
719 
735 
527 
206 
48 
435 
76 
304 
475 
152 
610 
679 
467 
141 
172 
411 
401 
117 
802 
35 
538 
546 
705 
700 
316 
912 
824 
434 
441 
579 
612 
420 
914 
443 
919 
331 
192 
455 
836 
516 
975 
376 
686 
279 
597 
975 
817 
62 
57 
290 
473 
537 
367 
835 
554 
954 
59 
305 
936 
453 
659 
43 
288 
218 
714 
202 
87 
485 
315 
422 
825 
518 
811 
396 
812 
173 
498 
223 
414 
192 
338 
557 
885 
729 
289 
275 
886 
185 
436 
307 
63 
122 
213 
404 
793 
507 
431 
427 
440 
404 
326 
401 
813 
197 
741 
821 
126 
915 
474 
164 
172 
299 
180 
142 
789 
329 
960 
627 
75 
691 
912 
645 
374 
593 
302 
791 
861 
880 
784 
615 
914 
96 
628 
384 
15 
27 
701 
35 
59 
559 
550 
846 
281 
533 
623 
278 
611 
634 
758 
114 
715 
654 
895 
895 
99 
60 
847 
331 
142 
745 
437 
804 
581 
841 
875 
57 
862 
902 
268 
36 
947 
130 
78 
942 
151 
631 
113 
43 
70 
140 
384 
352 
845 
379 
128 
410 
375 
145 
95 
8 
266 
166 
392 
580 
114 
118 
515 
966 
772 
303 
425 
66 
654 
923 
665 
283 
637 
448 
277 
832 
486 
847 
569 
421 
953 
58 
532 
621 
99 
513 
15 
39 
315 
327 
590 
375 
479 
680 
789 
190 
608 
829 
262 
212 
180 
668 
712 
933 
42 
730 
609 
42 
11 
954 
759 
794 
279 
467 
203 
736 
301 
564 
903 
567 
352 
995 
850 
859 
478 
247 
425 
898 
914 
970 
576 
339 
285 
667 
106 
349 
656 
35 
13 
691 
861 
471 
730 
638 
743 
501 
108 
812 
79 
898 
310 
360 
888 
595 
161 
554 
277 
43 
942 
489 
754 
565 
273 
390 
169 
890 
528 
682 
982 
116 
35 
802 
388 
604 
747 
818 
481 
945 
87 
144 
127 
155 
509 
955 
885 
367 
390 
292 
646 
27 
885 
523 
104 
37 
201 
85 
24 
111 
681 
12 
204 
773 
624 
712 
240 
834 
634 
589 
77 
936 
925 
644 
207 
710 
635 
743 
518 
975 
575 
679 
112 
665 
821 
488 
692 
3 
776 
456 
946 
538 
294 
116 
257 
230 
374 
67 
897 
841 
702 
439 
867 
728 
46 
769 
446 
908 
9 
812 
715 
667 
92 
637 
875 
155 
575 
337 
391 
127 
893 
384 
559 
421 
887 
392 
759 
526 
285 
597 
208 
576 
55 
248 
99 
465 
513 
982 
268 
597 
814 
482 
548 
578 
566 
165 
662 
202 
763 
877 
359 
728 
320 
988 
624 
975 
699 
475 
773 
591 
997 
270 
83 
729 
823 
825 
774 
109 
263 
595 
232 
897 
419 
162 
841 
661 
421 
272 
571 
478 
24 
685 
437 
712 
698 
468 
195 
919 
299 
690 
116 
7 
789 
668 
268 
490 
387 
673 
338 
42 
175 
233 
428 
360 
287 
259 
634 
61 
560 
813 
761 
390 
22 
959 
146 
405 
843 
873 
466 
942 
742 
223 
50 
407 
885 
153 
105 
20 
694 
224 
921 
233 
2 
294 
311 
578 
603 
342 
647 
735 
456 
188 
760 
156 
679 
829 
524 
952 
978 
722 
387 
4 
877 
489 
288 
79 
846 
397 
540 
983 
406 
839 
401 
538 
903 
493 
705 
110 
111 
905 
353 
534 
60 
573 
624 
886 
936 
887 
525 
617 
432 
151 
584 
801 
575 
600 
990 
430 
176 
382 
43 
546 
747 
37 
108 
629 
447 
851 
195 
789 
810 
375 
134 
657 
661 
993 
313 
269 
68 
883 
83 
320 
244 
841 
207 
996 
733 
293 
837 
990 
250 
638 
992 
847 
966 
570 
816 
138 
74 
938 
267 
647 
725 
869 
359 
191 
723 
247 
84 
425 
529 
731 
584 
796 
791 
15 
10 
526 
270 
767 
883 
869 
853 
237 
58 
292 
567 
279 
287 
208 
631 
401 
706 
220 
671 
133 
149 
809 
117 
680 
23 
514 
103 
806 
394 
439 
624 
441 
576 
64 
595 
918 
474 
68 
408 
329 
744 
490 
845 
307 
728 
177 
375 
896 
896 
83 
953 
678 
998 
839 
819 
482 
587 
895 
367 
645 
331 
759 
704 
736 
89 
16 
676 
35 
864 
243 
516 
612 
692 
857 
121 
350 
794 
731 
201 
696 
822 
246 
434 
872 
692 
961 
519 
623 
529 
202 
616 
711 
890 
317 
631 
754 
565 
526 
272 
101 
295 
330 
648 
325 
301 
473 
202 
873 
127 
911 
182 
80 
530 
219 
467 
548 
926 
207 
6 
383 
967 
33 
708 
932 
87 
401 
644 
970 
852 
244 
864 
28 
221 
224 
685 
21 
875 
458 
457 
498 
814 
876 
725 
640 
134 
19 
964 
464 
147 
496 
483 
584 
87 
261 
752 
861 
618 
578 
391 
629 
630 
552 
259 
425 
780 
871 
147 
331 
14 
667 
278 
12 
159 
140 
951 
49 
648 
934 
324 
311 
717 
101 
555 
596 
671 
493 
654 
512 
859 
74 
930 
525 
411 
571 
986 
291 
91 
869 
961 
895 
150 
693 
312 
124 
914 
637 
852 
754 
386 
683 
507 
166 
747 
414 
473 
403 
337 
307 
574 
832 
706 
463 
187 
529 
307 
926 
133 
858 
490 
403 
696 
433 
852 
632 
231 
12 
583 
120 
59 
747 
955 
260 
731 
111 
797 
715 
355 
459 
300 
781 
696 
458 
735 
442 
498 
825 
30 
742 
811 
751 
761 
80 
95 
210 
214 
548 
500 
243 
815 
693 
613 
869 
634 
391 
465 
849 
875 
636 
33 
70 
71 
733 
226 
656 
738 
595 
608 
838 
820 
350 
388 
520 
672 
558 
239 
337 
701 
8 
71 
849 
776 
652 
961 
503 
233 
77 
744 
781 
973 
160 
676 
619 
300 
249 
167 
153 
724 
322 
668 
375 
822 
116 
257 
416 
903 
915 
687 
166 
609 
854 
223 
255 
83 
341 
191 
809 
391 
518 
318 
2 
763 
392 
164 
731 
930 
385 
773 
141 
379 
214 
935 
21 
474 
610 
834 
612 
886 
817 
568 
898 
299 
124 
189 
348 
32 
223 
265 
259 
116 
185 
35 
536 
669 
93 
944 
645 
505 
935 
93 
437 
144 
912 
377 
134 
818 
670 
326 
446 
501 
46 
490 
508 
497 
363 
296 
177 
904 
187 
853 
406 
480 
752 
696 
31 
795 
604 
177 
377 
169 
193 
894 
552 
140 
712 
65 
156 
956 
641 
966 
485 
844 
506 
628 
820 
765 
851 
593 
716 
961 
937 
195 
577 
155 
697 
429 
136 
461 
624 
894 
487 
130 
193 
40 
694 
237 
494 
712 
607 
362 
66 
705 
385 
227 
991 
870 
899 
958 
140 
688 
639 
381 
297 
12 
949 
645 
933 
849 
658 
972 
504 
536 
848 
196 
237 
117 
0 
221 
562 
973 
13 
570 
995 
360 
339 
411 
643 
209 
424 
299 
749 
444 
545 
323 
979 
360 
937 
518 
412 
365 
333 
774 
179 
183 
411 
239 
62 
267 
765 
627 
268 
609 
216 
486 
746 
163 
394 
370 
960 
813 
619 
382 
935 
982 
427 
930 
46 
238 
805 
711 
518 
640 
290 
372 
242 
90 
673 
500 
443 
890 
213 
902 
155 
323 
903 
541 
840 
977 
294 
298 
324 
489 
949 
558 
458 
981 
508 
260 
219 
983 
129 
222 
443 
899 
888 
183 
101 
617 
136 
49 
126 
643 
33 
16 
48 
156 
771 
303 
837 
618 
248 
833 
472 
686 
797 
83 
582 
610 
172 
888 
498 
410 
494 
652 
346 
85 
647 
302 
820 
533 
690 
23 
893 
974 
304 
848 
731 
92 
595 
404 
497 
696 
319 
833 
259 
28 
483 
509 
539 
596 
964 
534 
843 
672 
99 
434 
356 
471 
16 
576 
583 
550 
463 
391 
193 
122 
570 
262 
268 
754 
927 
308 
84 
840 
339 
369 
431 
242 
711 
988 
833 
156 
123 
206 
30 
328 
152 
62 
105 
49 
370 
839 
157 
715 
661 
487 
514 
815 
767 
106 
915 
175 
399 
847 
133 
941 
765 
728 
82 
0 
962 
504 
399 
65 
585 
288 
723 
883 
942 
170 
497 
138 
781 
66 
199 
21 
806 
713 
848 
575 
528 
372 
743 
26 
724 
149 
613 
213 
980 
648 
429 
847 
27 
641 
750 
588 
446 
452 
937 
177 
532 
684 
404 
778 
714 
984 
485 
332 
194 
68 
387 
943 
948 
340 
945 
852 
85 
710 
532 
592 
64 
80 
272 
967 
243 
47 
62 
781 
731 
282 
809 
225 
834 
134 
433 
339 
864 
539 
911 
687 
735 
615 
362 
490 
748 
434 
137 
372 
819 
90 
634 
807 
794 
424 
835 
719 
256 
738 
319 
723 
159 
578 
363 
451 
769 
111 
929 
906 
551 
122 
957 
998 
47 
20 
206 
806 
342 
830 
215 
715 
732 
681 
399 
609 
104 
600 
926 
104 
28 
258 
705 
751 
611 
124 
207 
688 
103 
575 
276 
898 
327 
341 
526 
818 
665 
546 
623 
739 
613 
921 
267 
881 
251 
476 
42 
8 
92 
136 
240 
762 
63 
56 
139 
760 
893 
921 
836 
104 
383 
550 
290 
681 
137 
252 
339 
875 
830 
753 
285 
162 
62 
777 
964 
45 
573 
297 
285 
569 
86 
616 
290 
972 
408 
106 
582 
367 
279 
111 
868 
347 
694 
659 
59 
719 
620 
128 
5 
304 
165 
569 
136 
275 
427 
455 
332 
255 
212 
570 
814 
351 
37 
536 
12 
422 
959 
522 
194 
515 
433 
895 
269 
167 
742 
360 
174 
965 
345 
223 
17 
346 
534 
754 
319 
229 
835 
692 
49 
736 
223 
781 
590 
199 
361 
376 
694 
977 
852 
710 
407 
405 
945 
618 
128 
959 
702 
941 
197 
163 
38 
474 
690 
416 
417 
668 
19 
969 
878 
742 
380 
816 
206 
20 
308 
988 
634 
529 
744 
373 
840 
448 
85 
725 
641 
606 
421 
521 
599 
520 
422 
776 
661 
33 
991 
339 
535 
199 
388 
766 
773 
7 
476 
766 
377 
437 
402 
844 
129 
673 
153 
217 
449 
574 
667 
490 
201 
405 
475 
597 
535 
50 
418 
364 
798 
805 
239 
579 
223 
907 
546 
77 
503 
406 
611 
731 
193 
554 
38 
687 
45 
401 
570 
294 
754 
762 
27 
436 
303 
6 
972 
501 
624 
851 
488 
977 
495 
836 
411 
471 
826 
344 
653 
453 
372 
770 
639 
31 
422 
954 
121 
230 
510 
522 
763 
331 
904 
283 
307 
628 
253 
848 
478 
254 
290 
539 
906 
685 
194 
928 
531 
527 
766 
735 
68 
935 
220 
917 
73 
89 
910 
821 
827 
137 
581 
290 
316 
857 
829 
241 
620 
618 
50 
125 
682 
987 
36 
331 
214 
584 
567 
327 
279 
668 
13 
598 
193 
587 
744 
878 
9 
41 
819 
403 
68 
935 
473 
715 
237 
879 
304 
340 
581 
982 
159 
476 
624 
769 
910 
809 
926 
27 
676 
35 
223 
686 
847 
519 
626 
264 
103 
133 
431 
592 
316 
316 
956 
105 
866 
484 
117 
510 
346 
348 
80 
854 
667 
221 
464 
779 
504 
87 
55 
693 
515 
427 
746 
780 
858 
448 
472 
846 
618 
146 
211 
926 
186 
472 
642 
918 
601 
500 
438 
806 
354 
865 
435 
325 
894 
664 
249 
135 
723 
643 
356 
215 
540 
166 
657 
559 
416 
171 
571 
703 
304 
293 
36 
562 
683 
151 
15 
975 
213 
885 
798 
158 
968 
91 
775 
809 
784 
325 
845 
61 
14 
559 
84 
321 
597 
598 
580 
271 
201 
70 
34 
528 
337 
470 
252 
197 
218 
465 
931 
59 
630 
206 
382 
903 
908 
826 
892 
514 
282 
172 
306 
190 
905 
978 
230 
690 
0 
514 
795 
571 
739 
59 
943 
972 
357 
253 
553 
166 
436 
358 
750 
51 
244 
247 
261 
16 
439 
166 
154 
602 
187 
157 
737 
330 
700 
107 
524 
331 
684 
458 
398 
219 
568 
953 
344 
545 
165 
666 
755 
214 
67 
606 
336 
551 
144 
544 
629 
114 
672 
344 
361 
326 
764 
145 
130 
160 
784 
60 
196 
507 
586 
654 
444 
456 
303 
632 
326 
943 
720 
718 
796 
493 
614 
50 
288 
486 
273 
9 
796 
452 
191 
886 
352 
432 
971 
518 
132 
537 
84 
708 
447 
739 
33 
774 
735 
858 
569 
272 
945 
191 
447 
631 
963 
26 
661 
664 
176 
737 
344 
842 
196 
463 
965 
921 
632 
920 
699 
341 
977 
652 
73 
827 
516 
107 
281 
242 
797 
408 
605 
953 
760 
569 
928 
78 
431 
245 
105 
490 
606 
47 
460 
923 
843 
218 
737 
410 
49 
350 
457 
127 
479 
946 
534 
953 
77 
410 
514 
162 
975 
731 
195 
283 
301 
148 
677 
412 
497 
992 
385 
630 
618 
345 
117 
348 
409 
431 
27 
911 
115 
537 
759 
138 
647 
659 
331 
294 
840 
544 
613 
855 
964 
162 
131 
238 
366 
489 
902 
271 
41 
976 
485 
790 
62 
654 
811 
894 
920 
683 
972 
282 
382 
89 
508 
552 
537 
974 
336 
818 
486 
359 
617 
855 
118 
838 
54 
626 
956 
711 
969 
441 
599 
856 
470 
40 
985 
719 
663 
855 
286 
272 
947 
282 
601 
335 
304 
63 
628 
483 
502 
629 
199 
260 
30 
915 
371 
375 
147 
319 
879 
191 
944 
689 
58 
389 
411 
214 
170 
75 
488 
209 
469 
830 
176 
199 
566 
699 
139 
513 
218 
419 
92 
896 
131 
682 
749 
236 
316 
492 
907 
557 
143 
792 
50 
998 
660 
514 
996 
583 
906 
820 
566 
378 
155 
932 
660 
920 
499 
324 
6 
725 
257 
654 
915 
617 
473 
310 
597 
0 
361 
85 
605 
413 
723 
243 
208 
802 
531 
805 
921 
411 
753 
999 
802 
4 
777 
27 
246 
703 
433 
147 
521 
43 
282 
699 
89 
393 
851 
395 
630 
305 
570 
923 
593 
253 
636 
456 
33 
748 
920 
478 
195 
330 
239 
990 
795 
709 
494 
971 
22 
563 
831 
127 
226 
419 
253 
475 
280 
425 
927 
903 
529 
766 
359 
182 
303 
582 
867 
670 
533 
700 
659 
158 
674 
340 
92 
657 
377 
567 
516 
259 
460 
188 
967 
17 
131 
860 
410 
78 
696 
439 
102 
362 
901 
910 
31 
677 
408 
969 
902 
614 
645 
738 
235 
877 
452 
737 
615 
191 
469 
97 
937 
563 
505 
562 
543 
288 
403 
520 
184 
474 
391 
69 
744 
325 
586 
19 
707 
169 
659 
45 
197 
807 
535 
390 
490 
538 
707 
649 
545 
737 
758 
802 
974 
660 
716 
501 
768 
741 
139 
535 
360 
506 
431 
241 
724 
600 
817 
820 
699 
522 
424 
577 
250 
794 
766 
632 
382 
222 
694 
340 
122 
535 
556 
868 
963 
270 
662 
421 
122 
432 
361 
23 
307 
956 
960 
717 
652 
786 
752 
721 
367 
239 
7 
399 
987 
142 
823 
192 
456 
881 
445 
602 
90 
776 
871 
230 
824 
216 
526 
803 
821 
672 
560 
785 
47 
481 
664 
392 
406 
740 
250 
882 
959 
232 
633 
638 
377 
444 
124 
478 
448 
873 
73 
363 
161 
980 
872 
504 
901 
499 
500 
493 
281 
566 
77 
837 
188 
912 
545 
922 
835 
341 
324 
911 
378 
358 
766 
557 
356 
547 
780 
114 
141 
737 
697 
80 
86 
156 
958 
754 
121 
527 
320 
636 
957 
241 
258 
411 
228 
954 
914 
867 
755 
494 
456 
864 
346 
577 
948 
254 
596 
92 
63 
941 
209 
111 
286 
343 
818 
104 
922 
796 
765 
346 
571 
745 
274 
850 
606 
956 
781 
950 
860 
83 
22 
663 
749 
781 
237 
720 
501 
888 
41 
743 
710 
13 
210 
580 
582 
810 
45 
415 
715 
894 
1 
111 
844 
930 
160 
800 
785 
366 
584 
189 
318 
258 
459 
263 
308 
382 
244 
100 
824 
219 
370 
187 
848 
68 
289 
831 
179 
735 
727 
170 
521 
761 
885 
684 
347 
833 
279 
524 
156 
755 
958 
294 
232 
216 
395 
574 
91 
371 
982 
828 
862 
839 
465 
601 
301 
592 
478 
961 
444 
208 
560 
472 
916 
323 
289 
570 
529 
228 
31 
782 
774 
217 
644 
602 
626 
309 
126 
61 
292 
669 
653 
265 
637 
173 
476 
488 
822 
523 
161 
241 
522 
611 
208 
218 
173 
725 
508 
376 
917 
957 
319 
517 
319 
530 
669 
553 
837 
489 
220 
516 
263 
642 
575 
339 
951 
243 
828 
841 
90 
243 
609 
584 
404 
234 
374 
96 
955 
792 
655 
