782 
785 
112 
770 
569 
792 
723 
646 
736 
661 
78 
75 
485 
2 
346 
895 
771 
848 
530 
62 
414 
86 
3 
246 
998 
11 
586 
41 
812 
601 
646 
744 
8 
915 
928 
197 
762 
696 
465 
138 
479 
784 
651 
408 
278 
830 
746 
123 
180 
367 
444 
172 
933 
650 
222 
239 
444 
24 
721 
383 
349 
750 
894 
542 
225 
377 
446 
985 
249 
353 
797 
386 
991 
425 
607 
640 
73 
189 
947 
61 
887 
853 
167 
111 
56 
66 
140 
601 
375 
271 
876 
578 
804 
850 
90 
239 
656 
82 
265 
988 
889 
850 
575 
480 
807 
79 
722 
26 
830 
695 
844 
911 
21 
43 
915 
958 
734 
279 
117 
301 
312 
223 
290 
724 
9 
524 
18 
66 
103 
359 
681 
512 
193 
452 
271 
803 
129 
731 
5 
38 
557 
980 
181 
935 
750 
233 
833 
8 
737 
872 
895 
137 
973 
376 
204 
900 
683 
36 
846 
322 
332 
399 
686 
612 
952 
295 
830 
107 
195 
852 
391 
596 
917 
707 
711 
231 
674 
438 
457 
543 
487 
70 
460 
815 
582 
252 
713 
402 
436 
292 
215 
668 
81 
115 
897 
255 
687 
690 
811 
209 
982 
11 
209 
604 
696 
788 
801 
493 
433 
234 
785 
754 
225 
736 
644 
30 
869 
392 
913 
206 
226 
137 
380 
65 
588 
978 
394 
931 
430 
590 
551 
523 
202 
728 
250 
646 
260 
472 
827 
483 
634 
223 
747 
353 
615 
911 
53 
381 
528 
367 
292 
273 
598 
526 
374 
73 
598 
949 
951 
271 
405 
586 
696 
530 
303 
850 
466 
290 
402 
415 
710 
328 
390 
490 
662 
732 
137 
739 
377 
534 
760 
999 
35 
9 
288 
817 
307 
620 
822 
780 
506 
891 
419 
679 
209 
78 
237 
482 
505 
785 
962 
448 
984 
452 
318 
454 
83 
731 
694 
75 
79 
216 
501 
904 
717 
39 
312 
778 
70 
931 
782 
478 
922 
159 
402 
740 
823 
312 
923 
215 
176 
897 
203 
508 
428 
414 
231 
17 
953 
406 
7 
344 
472 
523 
959 
955 
378 
971 
109 
50 
92 
828 
892 
379 
991 
355 
400 
586 
124 
510 
554 
970 
214 
307 
975 
242 
895 
72 
988 
339 
912 
565 
452 
449 
107 
383 
774 
584 
755 
94 
240 
985 
423 
737 
377 
773 
434 
744 
350 
905 
471 
482 
59 
154 
587 
912 
12 
867 
787 
113 
644 
909 
528 
928 
221 
631 
152 
556 
393 
478 
207 
910 
850 
502 
118 
376 
429 
273 
434 
36 
4 
24 
768 
938 
99 
736 
120 
822 
403 
79 
119 
593 
294 
935 
298 
199 
930 
73 
783 
98 
466 
814 
94 
141 
200 
234 
9 
371 
744 
218 
800 
392 
769 
679 
768 
352 
77 
404 
100 
367 
588 
909 
612 
633 
467 
416 
413 
299 
779 
64 
793 
737 
911 
327 
633 
721 
213 
916 
312 
336 
753 
270 
802 
492 
175 
16 
997 
330 
896 
173 
511 
857 
430 
565 
600 
951 
499 
913 
689 
58 
855 
835 
213 
961 
849 
778 
39 
804 
392 
229 
252 
329 
393 
