412 
883 
939 
753 
412 
214 
707 
611 
643 
389 
113 
652 
23 
820 
518 
648 
740 
397 
433 
114 
191 
289 
633 
576 
468 
530 
864 
867 
707 
214 
280 
296 
46 
238 
2 
378 
407 
80 
189 
315 
191 
322 
404 
328 
578 
112 
420 
85 
49 
871 
12 
649 
231 
531 
221 
195 
201 
142 
132 
581 
96 
362 
445 
216 
161 
761 
434 
209 
383 
115 
293 
858 
662 
416 
979 
940 
739 
854 
297 
379 
115 
397 
635 
770 
137 
233 
954 
865 
156 
640 
214 
420 
784 
221 
133 
526 
995 
692 
243 
718 
507 
702 
362 
705 
695 
247 
139 
768 
19 
327 
502 
595 
400 
774 
399 
757 
259 
996 
922 
746 
509 
472 
351 
319 
155 
438 
593 
905 
238 
622 
4 
457 
85 
195 
765 
710 
146 
209 
599 
636 
603 
547 
179 
492 
586 
156 
967 
203 
87 
692 
234 
159 
260 
277 
423 
295 
889 
167 
96 
426 
561 
800 
541 
827 
716 
448 
358 
660 
551 
581 
941 
985 
433 
266 
495 
990 
568 
349 
716 
475 
99 
161 
796 
350 
785 
977 
485 
138 
498 
526 
243 
392 
548 
291 
15 
931 
601 
54 
324 
800 
430 
530 
389 
261 
591 
739 
410 
705 
922 
210 
125 
253 
681 
514 
768 
34 
212 
914 
466 
723 
326 
140 
50 
731 
302 
813 
994 
794 
770 
109 
799 
4 
751 
41 
880 
459 
988 
960 
374 
950 
975 
787 
619 
66 
48 
297 
334 
80 
117 
553 
469 
463 
85 
601 
164 
68 
609 
670 
453 
142 
856 
677 
784 
143 
466 
522 
918 
416 
64 
655 
624 
428 
737 
944 
726 
449 
712 
860 
468 
522 
292 
710 
239 
320 
784 
772 
953 
489 
700 
824 
9 
90 
787 
326 
463 
713 
440 
965 
718 
518 
930 
289 
427 
308 
431 
432 
381 
250 
320 
524 
405 
87 
745 
784 
392 
565 
797 
255 
42 
477 
327 
817 
686 
987 
628 
895 
347 
907 
55 
481 
833 
156 
228 
598 
69 
149 
265 
356 
696 
629 
818 
577 
399 
199 
933 
369 
487 
550 
333 
152 
383 
205 
850 
82 
147 
35 
505 
657 
973 
844 
376 
304 
526 
571 
965 
286 
94 
743 
128 
476 
889 
59 
749 
578 
731 
675 
526 
871 
188 
636 
665 
768 
647 
779 
454 
635 
464 
745 
612 
692 
364 
341 
916 
552 
166 
314 
445 
792 
607 
506 
890 
600 
885 
787 
257 
593 
472 
562 
414 
51 
105 
262 
663 
679 
67 
462 
465 
916 
582 
869 
275 
512 
105 
604 
937 
162 
529 
481 
340 
598 
432 
319 
104 
728 
183 
678 
550 
116 
182 
532 
931 
325 
947 
180 
801 
965 
130 
982 
196 
181 
389 
544 
352 
901 
268 
75 
617 
262 
566 
944 
154 
846 
488 
221 
842 
444 
989 
835 
436 
220 
983 
722 
399 
229 
605 
687 
846 
673 
349 
228 
640 
341 
876 
680 
833 
146 
484 
586 
882 
260 
101 
656 
992 
721 
648 
716 
321 
683 
151 
674 
788 
641 
481 
195 
816 
883 
836 
390 
701 
357 
260 
783 
771 
126 
212 
200 
776 
273 
642 
895 
110 
523 
367 
648 
252 
678 
111 
701 
507 
502 
622 
459 
612 
155 
844 
175 
936 
294 
347 
441 
568 
303 
190 
623 
550 
686 
436 
637 
300 
272 
653 
228 
356 
700 
468 
961 
935 
839 
798 
767 
50 
613 
66 
231 
445 
273 
497 
583 
190 
823 
944 
304 
246 
304 
955 
421 
618 
757 
533 
73 
429 
640 
454 
432 
964 
95 
683 
945 
410 
130 
188 
434 
116 
312 
482 
573 
192 
477 
888 
266 
458 
486 
843 
988 
135 
888 
933 
80 
830 
197 
590 
131 
179 
376 
236 
356 
885 
668 
701 
802 
107 
448 
554 
151 
19 
14 
583 
381 
819 
517 
952 
0 
604 
347 
438 
580 
699 
550 
753 
592 
257 
981 
872 
980 
238 
986 
752 
471 
361 
659 
82 
740 
523 
425 
888 
293 
54 
257 
648 
632 
432 
882 
489 
489 
476 
661 
990 
945 
2 
828 
74 
718 
189 
972 
515 
331 
54 
404 
241 
945 
79 
267 
560 
277 
755 
197 
741 
932 
500 
695 
206 
77 
893 
259 
717 
366 
834 
270 
173 
258 
940 
456 
805 
73 
593 
619 
830 
280 
747 
144 
504 
642 
407 
742 
978 
15 
266 
636 
921 
301 
319 
337 
352 
548 
972 
914 
713 
190 
190 
596 
299 
775 
241 
443 
421 
737 
189 
258 
2 
859 
197 
148 
61 
819 
466 
218 
118 
330 
815 
117 
29 
559 
686 
79 
359 
886 
732 
5 
280 
986 
968 
488 
88 
760 
465 
765 
880 
487 
145 
577 
158 
253 
884 
96 
527 
195 
286 
720 
405 
908 
532 
986 
921 
794 
761 
705 
139 
778 
604 
269 
240 
633 
112 
146 
130 
94 
773 
901 
702 
257 
309 
151 
995 
653 
425 
478 
239 
419 
420 
856 
134 
519 
72 
89 
245 
326 
384 
46 
779 
456 
550 
642 
977 
779 
246 
354 
732 
128 
155 
837 
897 
914 
49 
910 
456 
331 
730 
212 
788 
297 
332 
889 
10 
938 
763 
546 
903 
564 
147 
359 
7 
697 
201 
796 
364 
160 
675 
319 
764 
598 
668 
523 
262 
247 
413 
132 
286 
568 
776 
724 
863 
103 
471 
669 
680 
790 
925 
911 
826 
683 
786 
252 
657 
355 
181 
907 
297 
281 
989 
298 
811 
17 
505 
416 
623 
978 
361 
522 
708 
259 
908 
940 
871 
965 
731 
162 
361 
242 
550 
7 
732 
716 
325 
453 
270 
65 
786 
654 
999 
269 
694 
972 
560 
440 
384 
708 
828 
522 
677 
64 
820 
308 
68 
524 
245 
777 
226 
225 
980 
238 
158 
697 
598 
693 
701 
42 
497 
536 
840 
687 
879 
948 
972 
603 
644 
235 
395 
863 
981 
223 
985 
701 
819 
700 
498 
878 
209 
829 
50 
298 
338 
570 
637 
742 
655 
505 
64 
987 
392 
490 
767 
924 
440 
303 
297 
111 
798 
315 
225 
544 
977 
586 
198 
427 
619 
194 
573 
673 
10 
569 
213 
244 
411 
39 
939 
478 
463 
37 
551 
607 
187 
262 
591 
254 
675 
549 
515 
234 
935 
671 
89 
921 
736 
810 
674 
888 
4 
166 
428 
12 
152 
907 
241 
977 
510 
60 
616 
441 
304 
571 
979 
111 
219 
964 
401 
300 
599 
758 
532 
594 
606 
839 
877 
664 
203 
23 
455 
85 
397 
233 
873 
576 
164 
917 
576 
63 
428 
521 
53 
902 
16 
546 
146 
291 
768 
21 
883 
960 
789 
2 
627 
472 
236 
132 
468 
950 
810 
514 
331 
370 
631 
322 
243 
941 
366 
598 
409 
191 
524 
463 
464 
175 
927 
634 
302 
827 
217 
864 
326 
96 
309 
746 
832 
964 
961 
477 
414 
154 
316 
802 
776 
751 
946 
209 
242 
259 
101 
647 
76 
169 
639 
397 
898 
2 
158 
900 
678 
518 
359 
309 
315 
845 
246 
382 
395 
286 
20 
42 
27 
694 
970 
263 
244 
819 
453 
678 
870 
649 
970 
919 
201 
389 
180 
916 
772 
168 
388 
102 
417 
286 
929 
181 
568 
775 
712 
764 
244 
542 
525 
843 
523 
184 
811 
506 
641 
287 
440 
362 
263 
664 
597 
198 
88 
130 
268 
458 
29 
657 
250 
163 
185 
633 
768 
847 
103 
494 
613 
606 
59 
955 
70 
673 
646 
514 
136 
298 
318 
524 
836 
668 
853 
201 
629 
501 
489 
562 
127 
705 
748 
492 
936 
464 
325 
488 
123 
523 
535 
114 
106 
387 
432 
102 
812 
403 
508 
538 
264 
871 
379 
944 
441 
781 
672 
818 
274 
930 
372 
667 
924 
416 
75 
899 
429 
783 
629 
827 
883 
434 
311 
714 
146 
211 
707 
679 
858 
450 
821 
152 
76 
82 
72 
155 
998 
268 
121 
347 
462 
359 
689 
622 
163 
432 
753 
372 
202 
591 
873 
818 
344 
651 
713 
343 
171 
879 
676 
502 
182 
772 
594 
918 
172 
481 
933 
815 
124 
937 
358 
126 
910 
284 
72 
882 
62 
600 
357 
608 
286 
57 
281 
444 
209 
254 
388 
89 
181 
886 
579 
507 
936 
411 
433 
971 
943 
855 
178 
2 
75 
908 
216 
689 
132 
664 
138 
97 
706 
616 
529 
111 
202 
740 
829 
810 
822 
172 
280 
8 
201 
353 
641 
749 
913 
183 
315 
878 
342 
73 
935 
381 
49 
382 
56 
614 
896 
851 
949 
497 
58 
185 
508 
585 
262 
432 
869 
908 
401 
107 
701 
660 
743 
398 
532 
406 
777 
982 
745 
712 
272 
777 
620 
736 
817 
102 
836 
443 
994 
893 
786 
668 
20 
625 
134 
469 
33 
549 
41 
82 
871 
78 
491 
572 
110 
535 
141 
236 
367 
482 
129 
817 
502 
230 
329 
739 
625 
124 
350 
457 
241 
303 
378 
80 
136 
267 
311 
940 
643 
972 
665 
564 
499 
410 
162 
777 
399 
204 
805 
888 
164 
435 
637 
505 
983 
160 
838 
414 
826 
513 
756 
207 
477 
216 
436 
325 
55 
748 
311 
982 
710 
508 
278 
170 
491 
745 
986 
579 
961 
539 
75 
666 
55 
903 
340 
55 
996 
920 
444 
136 
179 
716 
744 
447 
335 
0 
887 
117 
369 
790 
703 
475 
639 
125 
630 
603 
391 
730 
371 
714 
405 
606 
486 
689 
569 
960 
837 
556 
844 
629 
585 
939 
853 
653 
905 
199 
935 
648 
573 
751 
77 
120 
653 
875 
865 
488 
155 
688 
224 
397 
789 
726 
898 
861 
488 
198 
873 
526 
634 
529 
552 
263 
991 
437 
887 
628 
359 
224 
956 
382 
853 
178 
515 
314 
930 
70 
305 
188 
803 
369 
350 
19 
545 
358 
865 
990 
48 
322 
544 
63 
762 
764 
8 
495 
532 
366 
498 
186 
361 
786 
799 
821 
998 
703 
501 
725 
135 
987 
978 
745 
672 
174 
304 
179 
541 
92 
754 
843 
814 
307 
566 
349 
853 
21 
515 
692 
834 
352 
541 
951 
929 
349 
727 
42 
34 
750 
417 
784 
698 
987 
82 
608 
608 
518 
263 
309 
515 
446 
268 
427 
881 
753 
562 
935 
139 
102 
242 
382 
200 
370 
513 
857 
750 
184 
421 
519 
664 
862 
359 
699 
117 
6 
681 
152 
677 
475 
810 
82 
33 
373 
671 
215 
563 
382 
29 
222 
916 
469 
844 
558 
917 
747 
318 
154 
808 
229 
656 
419 
576 
169 
296 
527 
486 
644 
24 
449 
622 
931 
170 
785 
729 
865 
717 
838 
923 
32 
406 
616 
848 
931 
234 
603 
491 
468 
267 
97 
919 
226 
233 
607 
138 
221 
835 
331 
39 
541 
223 
964 
939 
895 
206 
714 
369 
881 
947 
624 
938 
665 
6 
376 
895 
193 
884 
365 
105 
869 
545 
558 
500 
888 
672 
106 
470 
155 
762 
255 
766 
304 
573 
392 
35 
31 
191 
246 
19 
887 
932 
525 
566 
591 
548 
531 
153 
996 
753 
316 
927 
870 
511 
418 
29 
663 
52 
636 
141 
459 
962 
220 
29 
46 
235 
821 
72 
819 
573 
68 
342 
313 
262 
262 
216 
11 
393 
659 
247 
823 
361 
161 
573 
46 
398 
636 
355 
502 
246 
309 
629 
45 
269 
761 
19 
615 
552 
267 
889 
626 
135 
644 
834 
864 
553 
410 
512 
244 
540 
183 
167 
656 
949 
531 
411 
327 
845 
485 
623 
327 
613 
702 
471 
105 
387 
654 
528 
595 
197 
211 
310 
477 
373 
519 
591 
980 
678 
777 
63 
196 
166 
303 
506 
449 
853 
451 
953 
527 
901 
243 
343 
96 
538 
86 
811 
790 
427 
755 
180 
74 
866 
756 
608 
212 
889 
780 
773 
68 
301 
796 
387 
425 
87 
764 
153 
424 
360 
176 
463 
47 
21 
40 
628 
202 
964 
125 
82 
301 
910 
1 
663 
643 
510 
7 
37 
791 
688 
59 
372 
810 
341 
130 
757 
844 
990 
157 
130 
238 
87 
586 
421 
175 
767 
316 
119 
77 
324 
412 
394 
494 
228 
567 
33 
864 
105 
922 
534 
62 
957 
68 
516 
620 
511 
603 
662 
949 
508 
314 
991 
122 
137 
25 
756 
550 
640 
517 
591 
120 
842 
2 
309 
345 
948 
14 
410 
31 
420 
463 
251 
761 
750 
296 
861 
651 
546 
200 
500 
660 
376 
684 
191 
510 
407 
998 
842 
702 
786 
941 
883 
5 
229 
111 
370 
646 
510 
141 
746 
481 
943 
446 
557 
671 
763 
78 
431 
791 
207 
368 
193 
248 
739 
258 
945 
32 
49 
472 
40 
277 
221 
659 
437 
834 
525 
884 
336 
612 
532 
596 
825 
982 
25 
453 
802 
769 
869 
758 
314 
432 
741 
947 
804 
571 
685 
268 
607 
897 
774 
575 
927 
740 
136 
592 
524 
520 
28 
392 
649 
45 
267 
35 
568 
573 
203 
158 
20 
847 
812 
993 
199 
701 
957 
10 
453 
371 
869 
98 
360 
513 
14 
828 
989 
979 
596 
899 
480 
407 
519 
635 
500 
399 
845 
731 
421 
799 
109 
233 
457 
585 
511 
518 
604 
463 
455 
20 
867 
281 
427 
373 
220 
256 
531 
750 
4 
2 
609 
356 
777 
415 
345 
309 
993 
947 
570 
963 
202 
173 
326 
740 
347 
550 
759 
614 
650 
855 
786 
369 
296 
517 
832 
796 
35 
774 
570 
485 
123 
632 
286 
748 
647 
591 
104 
39 
752 
848 
386 
91 
789 
709 
766 
441 
833 
360 
523 
335 
522 
210 
599 
377 
435 
950 
732 
848 
717 
218 
174 
642 
785 
350 
915 
937 
226 
97 
956 
608 
545 
152 
412 
252 
664 
927 
598 
256 
578 
821 
876 
355 
3 
139 
29 
61 
964 
502 
182 
856 
546 
709 
869 
220 
344 
989 
657 
102 
714 
987 
14 
497 
892 
257 
104 
893 
137 
549 
14 
799 
928 
94 
833 
353 
708 
217 
237 
132 
475 
283 
879 
692 
402 
871 
511 
451 
135 
267 
80 
424 
143 
358 
254 
345 
529 
916 
631 
310 
354 
333 
229 
384 
674 
155 
51 
554 
855 
291 
174 
927 
313 
990 
390 
236 
693 
296 
677 
959 
174 
488 
927 
473 
377 
42 
835 
256 
640 
769 
33 
808 
58 
777 
484 
714 
592 
172 
826 
29 
187 
178 
281 
781 
500 
439 
228 
217 
964 
616 
271 
297 
229 
614 
815 
56 
880 
374 
245 
726 
625 
808 
221 
1 
825 
575 
274 
958 
674 
360 
325 
626 
120 
966 
325 
886 
45 
565 
777 
674 
589 
662 
916 
712 
516 
419 
231 
293 
181 
124 
230 
948 
332 
912 
820 
820 
294 
464 
888 
674 
360 
360 
428 
506 
597 
175 
27 
666 
940 
658 
292 
423 
241 
4 
796 
381 
699 
104 
376 
385 
406 
402 
323 
577 
58 
547 
789 
502 
707 
379 
405 
657 
770 
628 
353 
140 
164 
901 
971 
706 
554 
124 
509 
129 
961 
16 
121 
407 
658 
453 
554 
307 
285 
217 
551 
125 
385 
831 
265 
833 
671 
66 
395 
320 
312 
44 
489 
776 
196 
903 
156 
285 
77 
796 
965 
927 
155 
739 
584 
822 
490 
370 
244 
883 
608 
617 
264 
105 
507 
237 
792 
140 
322 
931 
215 
777 
771 
304 
871 
510 
669 
983 
215 
843 
311 
18 
676 
105 
225 
252 
676 
818 
737 
879 
31 
946 
769 
153 
766 
420 
134 
821 
785 
832 
933 
423 
251 
371 
449 
992 
705 
447 
392 
675 
963 
517 
574 
862 
994 
192 
10 
605 
675 
52 
928 
123 
442 
639 
223 
579 
690 
902 
428 
63 
836 
859 
70 
726 
375 
302 
99 
811 
303 
538 
235 
716 
545 
834 
404 
680 
213 
795 
877 
116 
117 
107 
40 
368 
878 
954 
793 
149 
924 
80 
532 
26 
410 
720 
670 
760 
554 
467 
922 
586 
922 
512 
439 
417 
360 
554 
248 
479 
504 
834 
28 
538 
331 
959 
495 
996 
146 
124 
601 
160 
379 
409 
501 
663 
147 
988 
965 
180 
941 
993 
564 
493 
922 
175 
308 
988 
833 
598 
306 
388 
441 
238 
30 
431 
133 
49 
703 
975 
463 
995 
902 
572 
992 
505 
145 
742 
558 
249 
92 
148 
551 
632 
195 
596 
838 
113 
747 
211 
412 
44 
993 
887 
8 
550 
515 
323 
130 
976 
518 
699 
684 
658 
248 
921 
954 
217 
487 
455 
564 
702 
945 
790 
121 
833 
126 
310 
615 
222 
490 
303 
800 
439 
407 
344 
830 
90 
947 
478 
955 
804 
14 
607 
538 
582 
23 
407 
786 
479 
695 
346 
260 
555 
558 
275 
643 
971 
652 
173 
68 
708 
339 
752 
262 
716 
859 
479 
403 
722 
158 
663 
31 
222 
478 
330 
465 
481 
747 
501 
960 
766 
993 
310 
847 
97 
25 
739 
436 
350 
55 
71 
422 
93 
460 
782 
549 
277 
413 
363 
166 
391 
508 
615 
271 
149 
645 
317 
472 
146 
468 
716 
275 
635 
981 
133 
933 
159 
276 
517 
77 
739 
294 
549 
540 
441 
87 
352 
974 
681 
277 
725 
432 
584 
261 
342 
378 
665 
701 
904 
48 
146 
370 
228 
19 
880 
547 
949 
69 
117 
605 
755 
629 
760 
545 
735 
463 
358 
819 
928 
568 
417 
180 
877 
152 
566 
209 
820 
849 
10 
581 
11 
16 
431 
165 
253 
273 
220 
955 
15 
376 
427 
374 
795 
949 
808 
968 
645 
103 
302 
783 
708 
460 
899 
528 
19 
223 
215 
281 
529 
668 
889 
669 
749 
609 
659 
702 
974 
141 
535 
526 
939 
453 
322 
6 
254 
452 
128 
171 
878 
547 
968 
13 
629 
729 
9 
946 
703 
877 
653 
931 
452 
842 
397 
261 
512 
2 
334 
891 
849 
750 
402 
954 
984 
5 
114 
293 
716 
43 
434 
442 
691 
219 
901 
300 
131 
784 
19 
506 
600 
289 
848 
521 
542 
708 
863 
941 
346 
476 
806 
246 
300 
485 
556 
456 
768 
375 
425 
859 
501 
649 
365 
589 
692 
793 
188 
108 
157 
753 
895 
801 
504 
276 
542 
937 
24 
553 
238 
437 
956 
950 
669 
341 
488 
753 
430 
929 
489 
84 
889 
392 
968 
223 
489 
100 
841 
738 
229 
429 
85 
91 
767 
797 
93 
525 
329 
437 
319 
226 
938 
998 
326 
289 
827 
354 
845 
291 
150 
715 
772 
291 
217 
948 
910 
741 
71 
143 
754 
473 
968 
855 
97 
743 
459 
984 
864 
900 
577 
107 
126 
366 
307 
782 
399 
229 
798 
291 
771 
19 
470 
680 
289 
797 
969 
647 
160 
970 
998 
407 
863 
588 
662 
810 
114 
212 
721 
296 
736 
907 
660 
333 
876 
334 
850 
934 
169 
145 
576 
762 
169 
952 
374 
62 
903 
810 
178 
441 
980 
935 
391 
490 
23 
11 
878 
551 
256 
955 
3 
119 
215 
456 
108 
169 
504 
817 
766 
47 
514 
54 
1 
206 
912 
363 
772 
159 
528 
177 
259 
651 
210 
915 
296 
977 
907 
615 
961 
932 
915 
524 
913 
52 
923 
99 
688 
665 
683 
993 
415 
463 
203 
683 
223 
358 
912 
11 
202 
410 
266 
155 
869 
123 
124 
519 
691 
437 
75 
912 
333 
410 
986 
725 
985 
142 
605 
29 
481 
772 
53 
59 
390 
904 
588 
329 
940 
92 
281 
985 
967 
703 
502 
639 
510 
610 
496 
842 
176 
349 
207 
53 
964 
738 
567 
625 
685 
959 
125 
846 
878 
738 
758 
777 
138 
912 
677 
232 
391 
111 
635 
92 
228 
213 
812 
934 
232 
161 
607 
469 
117 
176 
334 
831 
134 
266 
792 
310 
404 
214 
467 
557 
583 
411 
214 
627 
339 
641 
61 
271 
129 
415 
326 
701 
840 
262 
356 
215 
627 
654 
705 
80 
740 
600 
914 
445 
433 
948 
766 
893 
999 
835 
735 
274 
845 
239 
804 
416 
834 
994 
454 
966 
785 
372 
977 
435 
123 
921 
413 
603 
597 
571 
78 
74 
500 
516 
681 
272 
231 
566 
561 
45 
485 
270 
384 
591 
222 
966 
881 
441 
390 
627 
454 
246 
231 
950 
413 
479 
789 
406 
617 
90 
360 
990 
678 
644 
246 
267 
28 
791 
976 
738 
56 
391 
502 
343 
991 
665 
52 
472 
837 
254 
471 
571 
14 
679 
723 
414 
730 
737 
479 
990 
254 
539 
908 
289 
32 
5 
521 
647 
3 
659 
426 
910 
796 
418 
226 
934 
252 
835 
287 
702 
800 
502 
469 
148 
205 
240 
526 
626 
760 
136 
296 
87 
197 
526 
79 
211 
869 
165 
565 
431 
470 
172 
351 
364 
134 
799 
922 
532 
519 
611 
886 
662 
330 
17 
169 
357 
453 
314 
447 
819 
71 
701 
505 
98 
205 
197 
723 
564 
654 
622 
11 
843 
180 
497 
134 
747 
388 
302 
85 
679 
424 
377 
353 
729 
562 
728 
586 
878 
836 
156 
374 
753 
966 
407 
296 
871 
624 
941 
535 
291 
352 
894 
953 
859 
238 
514 
168 
235 
846 
414 
603 
296 
558 
158 
272 
112 
65 
51 
129 
911 
19 
663 
276 
325 
22 
255 
791 
239 
452 
953 
756 
98 
438 
61 
650 
832 
868 
209 
924 
140 
70 
415 
597 
360 
563 
386 
308 
81 
911 
657 
669 
569 
786 
443 
592 
493 
15 
572 
38 
712 
43 
135 
401 
824 
351 
692 
51 
400 
950 
435 
418 
606 
355 
378 
42 
453 
733 
900 
364 
742 
212 
547 
470 
714 
809 
671 
914 
819 
993 
407 
779 
788 
99 
495 
566 
141 
802 
915 
502 
652 
180 
531 
210 
73 
500 
631 
683 
449 
485 
949 
192 
101 
744 
440 
492 
891 
344 
236 
75 
157 
740 
368 
152 
177 
980 
754 
659 
786 
704 
577 
578 
588 
142 
399 
709 
117 
506 
757 
118 
666 
819 
884 
857 
392 
323 
617 
624 
861 
302 
897 
218 
501 
775 
550 
293 
41 
632 
968 
865 
861 
241 
855 
247 
729 
539 
887 
330 
610 
645 
669 
645 
338 
622 
2 
430 
54 
500 
614 
449 
598 
181 
286 
567 
674 
124 
841 
424 
218 
350 
368 
447 
535 
101 
412 
942 
273 
196 
716 
570 
793 
460 
231 
23 
448 
903 
470 
367 
750 
332 
990 
711 
63 
363 
981 
891 
28 
777 
690 
539 
838 
853 
58 
214 
40 
171 
937 
718 
870 
289 
782 
699 
968 
929 
402 
405 
963 
23 
865 
828 
818 
75 
330 
851 
129 
585 
196 
501 
819 
767 
729 
253 
172 
446 
856 
284 
513 
381 
445 
863 
686 
882 
620 
839 
40 
298 
94 
406 
765 
996 
171 
358 
121 
793 
241 
468 
651 
470 
19 
789 
366 
557 
453 
111 
476 
17 
143 
323 
616 
857 
137 
594 
35 
622 
639 
118 
978 
320 
548 
34 
949 
886 
243 
276 
659 
213 
355 
90 
468 
228 
715 
387 
55 
885 
847 
120 
222 
877 
18 
539 
847 
0 
541 
750 
212 
583 
422 
510 
116 
483 
260 
226 
363 
719 
114 
215 
960 
873 
98 
942 
102 
721 
420 
80 
870 
989 
151 
448 
330 
692 
447 
986 
836 
946 
976 
171 
496 
115 
962 
769 
88 
243 
981 
916 
535 
29 
455 
582 
688 
275 
380 
943 
288 
166 
445 
891 
393 
78 
396 
192 
936 
708 
38 
498 
745 
798 
482 
89 
849 
299 
354 
727 
661 
560 
24 
130 
441 
314 
811 
633 
571 
892 
905 
405 
746 
363 
742 
389 
41 
632 
870 
142 
392 
598 
808 
682 
637 
702 
661 
665 
214 
727 
407 
222 
130 
897 
188 
124 
809 
884 
437 
400 
170 
236 
402 
336 
876 
536 
137 
756 
526 
99 
191 
484 
34 
850 
181 
995 
567 
232 
366 
755 
215 
183 
497 
944 
697 
223 
66 
313 
280 
172 
158 
228 
643 
19 
855 
905 
61 
260 
164 
187 
232 
895 
924 
634 
342 
72 
220 
204 
33 
773 
480 
141 
228 
266 
479 
892 
321 
706 
506 
577 
244 
729 
741 
772 
215 
224 
575 
279 
368 
929 
927 
415 
768 
11 
199 
399 
317 
296 
862 
853 
522 
141 
441 
1 
309 
233 
313 
75 
866 
554 
915 
420 
542 
765 
131 
232 
247 
804 
826 
947 
610 
357 
243 
26 
180 
568 
168 
515 
405 
601 
754 
263 
194 
191 
409 
510 
730 
692 
601 
580 
492 
407 
189 
811 
231 
302 
608 
121 
857 
215 
202 
932 
284 
481 
31 
611 
278 
798 
239 
182 
504 
724 
881 
905 
969 
981 
337 
468 
747 
371 
116 
575 
191 
712 
17 
413 
45 
485 
627 
494 
71 
417 
780 
882 
638 
53 
388 
378 
4 
61 
379 
993 
724 
753 
171 
187 
903 
837 
737 
604 
529 
582 
277 
236 
91 
886 
343 
514 
706 
114 
821 
487 
207 
338 
435 
605 
64 
480 
818 
776 
368 
61 
276 
235 
395 
664 
655 
669 
116 
824 
72 
877 
762 
829 
906 
588 
80 
314 
902 
403 
916 
573 
925 
245 
187 
177 
293 
142 
707 
60 
696 
99 
208 
165 
947 
124 
59 
17 
541 
920 
560 
742 
903 
872 
815 
895 
931 
662 
950 
649 
687 
991 
61 
133 
84 
527 
530 
336 
42 
924 
693 
