887 
351 
459 
785 
1 
472 
453 
783 
994 
976 
76 
445 
218 
50 
107 
957 
921 
148 
138 
144 
443 
481 
586 
216 
773 
626 
660 
963 
745 
926 
866 
498 
62 
751 
238 
803 
300 
304 
657 
20 
182 
3 
455 
609 
776 
863 
633 
359 
523 
651 
546 
322 
335 
764 
903 
956 
769 
269 
305 
615 
437 
375 
973 
389 
198 
510 
165 
22 
195 
47 
336 
66 
780 
887 
72 
255 
286 
838 
699 
693 
530 
196 
756 
688 
349 
170 
690 
694 
404 
492 
185 
10 
862 
53 
583 
568 
302 
171 
178 
290 
33 
165 
129 
194 
557 
443 
512 
128 
331 
573 
536 
759 
270 
63 
350 
147 
804 
91 
963 
182 
453 
463 
148 
259 
33 
336 
386 
394 
487 
519 
44 
726 
412 
515 
124 
867 
224 
496 
888 
12 
591 
294 
290 
476 
174 
309 
282 
35 
349 
383 
882 
987 
796 
198 
642 
284 
993 
369 
285 
581 
273 
649 
131 
187 
492 
880 
857 
63 
134 
948 
678 
659 
467 
688 
392 
117 
619 
837 
334 
960 
119 
527 
127 
335 
723 
26 
411 
435 
36 
615 
168 
727 
355 
505 
640 
498 
386 
741 
848 
716 
511 
785 
964 
557 
919 
372 
649 
74 
317 
327 
124 
265 
275 
234 
826 
800 
159 
514 
567 
105 
250 
842 
602 
17 
302 
271 
601 
753 
534 
273 
65 
579 
754 
998 
889 
465 
626 
657 
159 
627 
691 
539 
99 
264 
0 
609 
19 
615 
747 
847 
822 
886 
748 
138 
373 
58 
321 
516 
111 
552 
167 
276 
460 
292 
671 
660 
196 
344 
365 
247 
393 
640 
37 
10 
306 
307 
271 
451 
34 
60 
925 
751 
953 
874 
362 
824 
480 
508 
797 
511 
170 
929 
469 
782 
433 
847 
176 
386 
927 
426 
631 
543 
111 
864 
524 
588 
91 
947 
319 
256 
111 
71 
613 
500 
798 
436 
787 
147 
371 
677 
985 
681 
539 
722 
954 
984 
65 
356 
122 
872 
257 
447 
713 
407 
521 
173 
32 
967 
701 
240 
401 
912 
475 
471 
68 
910 
566 
909 
671 
284 
246 
999 
318 
688 
344 
741 
156 
769 
186 
818 
240 
823 
194 
343 
155 
562 
975 
789 
776 
317 
912 
514 
797 
772 
260 
901 
258 
644 
298 
133 
224 
338 
218 
256 
99 
46 
315 
528 
99 
649 
846 
818 
664 
557 
274 
89 
292 
957 
882 
825 
917 
189 
100 
760 
578 
579 
892 
426 
254 
605 
632 
148 
139 
573 
149 
120 
42 
275 
474 
595 
368 
905 
235 
596 
402 
637 
705 
863 
252 
474 
24 
976 
718 
144 
241 
315 
305 
309 
705 
155 
769 
548 
738 
34 
675 
717 
816 
849 
264 
741 
751 
264 
34 
672 
603 
208 
175 
236 
223 
343 
652 
920 
474 
828 
620 
52 
143 
179 
97 
331 
485 
163 
690 
534 
687 
374 
110 
659 
747 
353 
527 
358 
64 
286 
498 
782 
340 
134 
39 
772 
396 
482 
132 
263 
217 
851 
239 
868 
679 
392 
563 
708 
534 
33 
314 
405 
846 
186 
212 
214 
919 
362 
231 
813 
775 
452 
112 
532 
824 
669 
225 
276 
929 
432 
123 
168 
451 
102 
758 
317 
87 
194 
638 
896 
302 
308 
808 
313 
185 
524 
542 
126 
522 
794 
951 
643 
235 
987 
555 
377 
878 
534 
373 
788 
52 
616 
850 
226 
594 
525 
609 
673 
672 
864 
443 
351 
988 
581 
981 
720 
271 
413 
452 
604 
430 
850 
368 
159 
932 
155 
764 
165 
541 
498 
229 
197 
134 
427 
488 
957 
276 
648 
25 
823 
339 
116 
730 
154 
472 
868 
585 
172 
968 
381 
549 
711 
802 
921 
874 
217 
186 
956 
930 
977 
607 
750 
479 
398 
72 
530 
78 
810 
347 
423 
718 
127 
54 
468 
434 
313 
154 
233 
475 
452 
740 
459 
698 
279 
405 
217 
428 
290 
149 
125 
806 
819 
243 
69 
451 
367 
664 
787 
612 
160 
334 
617 
503 
562 
155 
641 
820 
298 
578 
700 
916 
961 
187 
649 
322 
765 
297 
600 
702 
320 
573 
136 
400 
326 
905 
886 
114 
161 
240 
102 
641 
311 
516 
119 
373 
647 
40 
859 
639 
511 
40 
572 
579 
873 
669 
453 
102 
552 
213 
287 
9 
102 
738 
195 
975 
127 
729 
448 
75 
75 
263 
349 
742 
263 
623 
241 
424 
678 
943 
849 
436 
975 
516 
810 
545 
911 
914 
112 
741 
720 
873 
78 
765 
737 
596 
783 
587 
480 
67 
892 
120 
21 
724 
134 
978 
945 
62 
343 
695 
800 
694 
540 
778 
482 
734 
494 
533 
640 
18 
138 
200 
45 
908 
197 
97 
643 
627 
579 
317 
104 
720 
10 
134 
688 
521 
571 
742 
677 
993 
441 
98 
163 
959 
901 
258 
913 
334 
824 
136 
870 
374 
474 
231 
464 
472 
684 
238 
475 
144 
73 
269 
647 
702 
642 
719 
307 
309 
506 
145 
241 
24 
902 
954 
2 
233 
634 
723 
147 
708 
584 
121 
792 
204 
106 
377 
72 
628 
2 
827 
41 
593 
415 
802 
918 
14 
283 
43 
958 
648 
292 
860 
119 
211 
216 
991 
858 
612 
644 
815 
225 
697 
981 
897 
838 
333 
752 
671 
198 
425 
664 
913 
854 
951 
799 
837 
420 
569 
319 
753 
729 
394 
480 
582 
182 
594 
989 
808 
821 
488 
642 
963 
577 
587 
273 
48 
753 
954 
869 
704 
793 
893 
374 
184 
577 
563 
383 
13 
817 
565 
948 
834 
21 
3 
200 
496 
230 
893 
950 
950 
290 
157 
6 
553 
637 
651 
906 
261 
128 
17 
881 
21 
505 
977 
884 
735 
346 
371 
600 
299 
238 
579 
27 
214 
81 
531 
474 
346 
528 
813 
178 
296 
442 
675 
686 
833 
693 
842 
377 
633 
331 
148 
20 
29 
214 
605 
602 
535 
146 
617 
849 
383 
202 
708 
764 
692 
398 
562 
903 
131 
267 
272 
411 
671 
299 
234 
67 
770 
263 
863 
837 
203 
507 
498 
181 
625 
889 
690 
55 
727 
272 
140 
36 
48 
693 
727 
486 
708 
75 
352 
751 
876 
264 
639 
199 
539 
664 
858 
805 
589 
261 
329 
328 
580 
647 
50 
70 
193 
497 
822 
356 
864 
796 
147 
799 
263 
88 
627 
643 
112 
224 
917 
90 
396 
101 
499 
983 
3 
646 
636 
523 
610 
831 
378 
936 
620 
55 
926 
589 
676 
166 
43 
41 
369 
871 
144 
283 
91 
226 
386 
33 
693 
37 
410 
959 
996 
452 
882 
91 
807 
671 
254 
351 
336 
739 
289 
175 
210 
43 
541 
379 
810 
185 
911 
694 
307 
655 
466 
832 
85 
107 
659 
345 
45 
251 
45 
368 
539 
221 
38 
435 
640 
938 
1 
919 
135 
219 
94 
907 
254 
4 
911 
352 
52 
305 
132 
323 
917 
695 
585 
830 
588 
660 
86 
387 
776 
145 
871 
595 
378 
238 
197 
583 
526 
263 
694 
596 
560 
430 
40 
348 
457 
641 
884 
923 
418 
438 
392 
287 
80 
4 
501 
396 
433 
276 
755 
551 
526 
847 
537 
425 
425 
265 
273 
918 
432 
935 
819 
718 
259 
157 
825 
140 
3 
203 
372 
710 
947 
425 
133 
532 
84 
984 
350 
620 
779 
739 
202 
116 
182 
262 
753 
842 
847 
989 
161 
481 
199 
625 
394 
893 
367 
719 
360 
201 
643 
17 
423 
831 
936 
32 
706 
656 
88 
506 
564 
860 
275 
761 
715 
20 
968 
301 
369 
101 
69 
491 
437 
664 
843 
245 
266 
233 
45 
756 
238 
877 
610 
651 
381 
679 
473 
726 
679 
612 
661 
59 
175 
445 
825 
751 
262 
477 
517 
28 
992 
428 
74 
850 
197 
747 
483 
556 
418 
281 
244 
676 
569 
862 
471 
57 
422 
846 
901 
128 
604 
471 
778 
905 
816 
207 
660 
44 
27 
664 
637 
748 
366 
853 
335 
770 
681 
594 
183 
861 
596 
390 
405 
512 
378 
740 
971 
428 
859 
195 
588 
560 
481 
195 
56 
390 
413 
945 
733 
673 
642 
37 
7 
308 
834 
305 
115 
419 
113 
956 
648 
8 
215 
880 
528 
223 
905 
681 
262 
803 
298 
328 
695 
269 
990 
558 
286 
634 
799 
501 
555 
292 
724 
11 
716 
172 
38 
752 
471 
358 
469 
707 
686 
157 
219 
39 
636 
1 
143 
740 
599 
766 
412 
811 
870 
896 
99 
994 
365 
67 
567 
681 
895 
327 
103 
284 
259 
44 
217 
434 
946 
610 
869 
301 
584 
13 
152 
427 
241 
663 
226 
324 
182 
446 
242 
253 
856 
79 
152 
53 
364 
435 
443 
262 
544 
522 
524 
206 
237 
709 
211 
790 
109 
128 
185 
619 
199 
359 
390 
107 
648 
488 
579 
730 
852 
282 
194 
694 
814 
85 
13 
639 
996 
794 
989 
292 
319 
155 
20 
18 
730 
30 
924 
766 
88 
255 
737 
124 
562 
524 
141 
576 
953 
684 
771 
606 
89 
258 
438 
750 
535 
639 
226 
778 
613 
742 
827 
554 
828 
132 
765 
544 
385 
880 
860 
272 
498 
567 
62 
634 
650 
611 
749 
139 
507 
84 
121 
720 
12 
439 
277 
932 
764 
95 
320 
612 
742 
425 
415 
570 
398 
517 
921 
495 
26 
745 
356 
29 
748 
32 
678 
851 
7 
572 
550 
65 
919 
287 
396 
959 
150 
664 
614 
794 
37 
804 
501 
639 
784 
299 
576 
362 
221 
604 
863 
169 
654 
588 
578 
420 
269 
315 
250 
368 
888 
903 
320 
365 
125 
517 
46 
333 
439 
853 
883 
158 
913 
510 
963 
241 
546 
898 
965 
923 
906 
851 
183 
284 
141 
982 
295 
639 
750 
7 
731 
825 
421 
877 
828 
550 
12 
695 
806 
968 
454 
703 
651 
281 
745 
654 
112 
923 
245 
536 
536 
285 
925 
105 
920 
609 
998 
49 
340 
308 
902 
628 
216 
822 
375 
77 
744 
99 
796 
900 
787 
577 
411 
989 
782 
690 
372 
67 
806 
772 
969 
68 
376 
912 
238 
215 
332 
104 
914 
220 
143 
860 
998 
627 
88 
7 
694 
703 
38 
997 
182 
676 
623 
528 
935 
31 
44 
419 
194 
813 
115 
302 
981 
199 
101 
307 
291 
420 
122 
777 
448 
935 
737 
159 
30 
379 
109 
915 
193 
660 
44 
500 
434 
727 
625 
540 
290 
461 
197 
466 
869 
349 
561 
71 
417 
640 
999 
176 
631 
352 
978 
59 
569 
251 
219 
341 
317 
188 
790 
435 
865 
3 
164 
64 
71 
918 
89 
223 
915 
688 
673 
337 
307 
593 
879 
832 
358 
951 
350 
261 
520 
643 
804 
199 
653 
231 
516 
46 
667 
54 
626 
879 
806 
260 
628 
416 
102 
576 
223 
999 
355 
735 
200 
270 
212 
92 
557 
617 
220 
468 
339 
507 
246 
318 
416 
102 
715 
787 
155 
113 
914 
906 
795 
607 
823 
576 
270 
254 
630 
958 
524 
717 
329 
99 
570 
778 
81 
619 
459 
418 
362 
72 
676 
130 
659 
96 
382 
254 
412 
839 
498 
424 
911 
63 
688 
867 
60 
102 
985 
544 
712 
479 
398 
577 
966 
658 
944 
804 
898 
112 
505 
275 
785 
490 
978 
313 
92 
90 
255 
567 
575 
388 
736 
57 
77 
310 
913 
562 
838 
606 
805 
455 
500 
483 
702 
362 
266 
302 
80 
334 
206 
202 
991 
115 
128 
458 
157 
514 
443 
874 
729 
771 
141 
746 
661 
132 
778 
126 
526 
646 
885 
328 
290 
427 
329 
10 
276 
746 
404 
231 
267 
854 
269 
914 
501 
755 
440 
561 
958 
387 
328 
723 
253 
944 
989 
767 
897 
203 
246 
615 
799 
261 
568 
893 
368 
403 
631 
29 
945 
287 
429 
723 
466 
285 
681 
734 
763 
595 
641 
390 
955 
629 
923 
530 
492 
360 
872 
621 
364 
629 
898 
881 
989 
600 
664 
932 
799 
529 
95 
435 
443 
898 
28 
300 
627 
587 
287 
312 
257 
923 
594 
617 
94 
136 
195 
425 
324 
569 
181 
251 
886 
201 
246 
885 
798 
278 
52 
390 
407 
219 
665 
284 
492 
611 
601 
866 
608 
456 
194 
992 
912 
147 
268 
995 
614 
76 
832 
927 
543 
547 
253 
682 
815 
984 
521 
586 
611 
497 
557 
754 
384 
394 
76 
329 
26 
42 
118 
99 
560 
323 
296 
45 
102 
26 
806 
283 
890 
352 
83 
20 
459 
392 
528 
16 
639 
546 
748 
800 
797 
343 
643 
128 
754 
942 
321 
17 
199 
231 
489 
689 
2 
357 
745 
903 
956 
441 
992 
321 
828 
605 
220 
848 
298 
782 
853 
599 
374 
423 
742 
344 
474 
721 
181 
320 
605 
255 
184 
956 
610 
33 
34 
708 
288 
231 
254 
694 
283 
392 
252 
494 
467 
443 
770 
252 
35 
519 
485 
391 
173 
422 
576 
425 
140 
727 
147 
291 
626 
692 
704 
683 
307 
961 
946 
466 
297 
351 
23 
243 
337 
767 
184 
265 
375 
282 
54 
696 
94 
57 
87 
358 
250 
785 
345 
179 
345 
41 
230 
240 
335 
887 
713 
428 
321 
111 
57 
125 
581 
629 
275 
997 
360 
270 
492 
106 
792 
202 
879 
642 
347 
669 
428 
318 
654 
558 
170 
207 
251 
927 
454 
447 
85 
206 
300 
818 
902 
235 
374 
852 
988 
179 
27 
404 
39 
796 
825 
337 
950 
91 
150 
716 
114 
514 
451 
863 
34 
758 
427 
732 
841 
72 
786 
505 
829 
754 
345 
706 
977 
668 
545 
432 
430 
919 
550 
304 
813 
523 
703 
823 
753 
268 
954 
701 
235 
410 
45 
127 
869 
137 
819 
442 
938 
749 
835 
781 
349 
138 
215 
110 
226 
636 
860 
655 
187 
203 
677 
698 
500 
817 
53 
203 
97 
630 
476 
310 
462 
219 
666 
96 
470 
950 
770 
954 
192 
350 
849 
723 
263 
936 
607 
437 
241 
945 
12 
396 
371 
421 
959 
50 
203 
631 
211 
734 
318 
969 
620 
717 
763 
230 
713 
762 
983 
423 
497 
579 
394 
155 
947 
324 
250 
226 
704 
328 
367 
60 
108 
532 
158 
165 
509 
750 
474 
268 
619 
142 
744 
117 
849 
493 
322 
315 
226 
963 
151 
50 
472 
21 
552 
260 
961 
655 
126 
594 
947 
581 
162 
565 
122 
329 
861 
301 
695 
120 
545 
690 
659 
541 
607 
177 
884 
899 
771 
466 
887 
549 
781 
296 
727 
680 
658 
952 
60 
28 
234 
358 
104 
158 
331 
860 
670 
290 
550 
660 
908 
871 
864 
671 
355 
283 
436 
919 
468 
665 
494 
563 
549 
215 
283 
129 
548 
653 
384 
569 
588 
907 
824 
574 
662 
483 
634 
768 
81 
231 
434 
113 
101 
716 
631 
181 
372 
335 
357 
685 
138 
606 
556 
837 
943 
434 
664 
788 
482 
195 
154 
101 
296 
461 
903 
36 
901 
906 
208 
698 
251 
49 
322 
965 
945 
453 
958 
466 
13 
673 
332 
252 
917 
74 
467 
641 
203 
989 
228 
179 
863 
259 
840 
893 
577 
473 
383 
38 
895 
173 
475 
179 
555 
951 
84 
792 
905 
420 
941 
966 
759 
585 
919 
668 
158 
278 
725 
679 
105 
976 
415 
780 
284 
187 
227 
176 
462 
272 
704 
382 
201 
492 
237 
624 
938 
153 
658 
673 
236 
41 
893 
939 
730 
440 
512 
717 
165 
121 
40 
543 
834 
803 
961 
272 
664 
558 
385 
768 
392 
729 
443 
602 
710 
229 
580 
804 
287 
952 
579 
890 
451 
971 
572 
295 
149 
380 
566 
918 
569 
971 
806 
945 
214 
887 
203 
71 
107 
337 
531 
139 
447 
28 
470 
435 
259 
450 
506 
838 
131 
723 
750 
761 
318 
26 
956 
764 
721 
864 
136 
528 
258 
589 
166 
716 
708 
27 
75 
865 
583 
190 
402 
578 
114 
665 
258 
656 
19 
147 
766 
501 
405 
618 
141 
576 
932 
718 
235 
496 
717 
425 
880 
76 
146 
430 
175 
505 
724 
496 
810 
542 
9 
940 
644 
797 
521 
681 
647 
779 
412 
238 
23 
154 
686 
333 
783 
124 
877 
952 
51 
228 
122 
609 
517 
55 
934 
110 
411 
153 
776 
412 
777 
29 
868 
643 
891 
324 
205 
659 
238 
50 
886 
805 
927 
45 
190 
413 
308 
400 
226 
863 
258 
815 
256 
807 
599 
700 
49 
941 
361 
313 
781 
977 
638 
455 
894 
980 
221 
111 
574 
263 
69 
454 
146 
623 
109 
6 
540 
641 
716 
971 
147 
979 
698 
3 
918 
956 
46 
746 
473 
932 
497 
532 
70 
631 
427 
220 
383 
557 
468 
925 
979 
934 
406 
479 
224 
397 
881 
525 
769 
418 
303 
68 
295 
756 
890 
350 
708 
999 
610 
432 
750 
250 
971 
705 
841 
660 
238 
228 
352 
217 
607 
655 
645 
959 
951 
581 
335 
526 
771 
441 
12 
919 
197 
196 
583 
115 
801 
377 
707 
264 
571 
967 
377 
224 
223 
615 
470 
898 
1 
47 
145 
189 
366 
845 
436 
634 
402 
488 
560 
570 
523 
715 
118 
400 
662 
595 
715 
136 
921 
116 
867 
87 
113 
63 
410 
413 
301 
399 
742 
489 
242 
356 
825 
635 
457 
391 
623 
336 
358 
663 
698 
17 
97 
891 
38 
357 
490 
9 
418 
57 
649 
23 
779 
349 
484 
936 
696 
1 
541 
313 
313 
119 
91 
964 
17 
410 
736 
773 
118 
984 
482 
539 
342 
52 
902 
705 
901 
671 
842 
918 
212 
584 
601 
674 
908 
777 
765 
770 
803 
636 
960 
733 
478 
790 
203 
487 
600 
531 
579 
126 
778 
810 
272 
820 
108 
18 
328 
941 
706 
229 
708 
305 
338 
812 
609 
996 
197 
339 
98 
252 
397 
127 
556 
154 
478 
813 
906 
45 
247 
477 
810 
940 
27 
358 
55 
946 
867 
187 
448 
38 
862 
999 
913 
356 
132 
302 
489 
270 
159 
388 
764 
575 
324 
745 
474 
194 
656 
277 
288 
422 
886 
352 
933 
821 
0 
949 
759 
93 
284 
296 
551 
22 
953 
958 
114 
293 
881 
540 
505 
200 
482 
283 
340 
899 
528 
154 
915 
51 
765 
349 
573 
977 
236 
492 
436 
730 
474 
751 
144 
404 
46 
240 
675 
803 
898 
697 
797 
77 
434 
176 
834 
538 
29 
928 
1 
888 
210 
715 
989 
582 
965 
741 
281 
40 
737 
394 
791 
282 
96 
938 
34 
64 
97 
76 
774 
414 
330 
584 
820 
867 
431 
786 
706 
692 
1 
308 
754 
710 
825 
715 
490 
763 
823 
477 
300 
137 
695 
481 
151 
679 
923 
768 
621 
225 
407 
786 
782 
6 
752 
532 
334 
865 
230 
641 
962 
421 
309 
950 
441 
500 
622 
602 
728 
154 
547 
894 
814 
605 
595 
873 
114 
7 
419 
576 
930 
775 
270 
356 
85 
85 
309 
532 
90 
5 
522 
941 
731 
374 
737 
926 
501 
668 
105 
57 
697 
970 
218 
103 
911 
211 
24 
315 
33 
171 
455 
938 
279 
338 
166 
857 
282 
273 
552 
584 
442 
424 
713 
46 
587 
551 
711 
157 
973 
820 
569 
383 
604 
244 
860 
296 
208 
765 
515 
318 
709 
267 
775 
279 
125 
578 
904 
826 
956 
316 
442 
305 
573 
66 
308 
549 
20 
72 
61 
338 
659 
373 
567 
580 
873 
664 
600 
978 
919 
273 
703 
250 
621 
207 
300 
334 
757 
590 
315 
262 
373 
844 
579 
86 
963 
539 
762 
128 
36 
409 
259 
173 
798 
406 
442 
113 
143 
806 
511 
428 
94 
785 
938 
944 
232 
559 
54 
383 
989 
511 
257 
557 
12 
73 
434 
863 
228 
27 
324 
2 
325 
921 
954 
518 
158 
41 
795 
68 
736 
294 
769 
238 
147 
547 
364 
391 
992 
938 
4 
483 
542 
909 
71 
32 
337 
341 
192 
652 
816 
913 
801 
240 
790 
90 
666 
934 
571 
132 
18 
768 
955 
175 
957 
81 
792 
79 
918 
47 
28 
921 
527 
305 
201 
928 
431 
701 
724 
638 
604 
478 
471 
550 
490 
612 
551 
978 
554 
132 
5 
272 
990 
154 
320 
851 
603 
636 
571 
871 
24 
761 
915 
364 
335 
993 
581 
375 
961 
742 
69 
774 
903 
980 
73 
562 
710 
813 
175 
74 
954 
297 
260 
557 
151 
404 
800 
840 
340 
199 
166 
913 
897 
844 
751 
315 
82 
844 
361 
332 
149 
795 
948 
211 
888 
575 
30 
77 
574 
4 
216 
682 
844 
460 
665 
819 
966 
853 
345 
15 
672 
307 
784 
935 
546 
232 
775 
638 
67 
857 
591 
149 
665 
659 
386 
766 
840 
453 
423 
191 
450 
736 
673 
225 
70 
197 
218 
858 
155 
997 
588 
368 
582 
111 
769 
167 
698 
861 
211 
84 
760 
184 
918 
379 
512 
294 
157 
606 
375 
424 
554 
735 
729 
489 
994 
552 
424 
396 
680 
745 
693 
565 
377 
546 
391 
771 
528 
578 
410 
60 
35 
759 
970 
450 
518 
78 
712 
124 
950 
557 
284 
536 
168 
583 
595 
207 
843 
792 
571 
490 
948 
289 
885 
140 
545 
247 
826 
528 
535 
639 
994 
316 
367 
421 
448 
893 
703 
805 
546 
966 
206 
257 
231 
451 
538 
37 
490 
459 
637 
263 
46 
222 
212 
34 
754 
538 
370 
357 
792 
164 
629 
24 
17 
350 
80 
879 
819 
764 
81 
858 
549 
867 
811 
771 
593 
75 
534 
674 
875 
812 
934 
101 
866 
648 
802 
28 
117 
736 
350 
813 
296 
10 
714 
443 
607 
272 
492 
132 
418 
388 
164 
499 
817 
499 
103 
211 
314 
696 
862 
805 
9 
459 
815 
868 
847 
601 
572 
287 
582 
173 
659 
975 
523 
471 
295 
577 
613 
124 
908 
998 
382 
639 
224 
33 
936 
767 
864 
649 
281 
72 
825 
16 
634 
286 
272 
403 
516 
992 
516 
98 
244 
913 
227 
18 
65 
501 
474 
378 
211 
410 
313 
947 
558 
236 
901 
964 
816 
198 
400 
668 
23 
581 
790 
321 
822 
879 
50 
273 
42 
277 
689 
487 
760 
253 
428 
544 
385 
595 
420 
230 
64 
256 
137 
268 
204 
371 
668 
300 
89 
552 
926 
814 
476 
606 
959 
777 
598 
214 
571 
559 
464 
224 
979 
444 
273 
112 
88 
967 
124 
329 
365 
324 
629 
792 
334 
905 
677 
853 
595 
320 
412 
982 
873 
677 
215 
380 
667 
176 
82 
497 
245 
533 
999 
914 
105 
466 
488 
642 
14 
360 
561 
288 
446 
54 
618 
2 
766 
690 
515 
33 
587 
505 
769 
335 
659 
274 
456 
678 
778 
278 
113 
330 
158 
282 
503 
202 
389 
320 
596 
156 
926 
379 
81 
671 
789 
546 
534 
100 
283 
503 
126 
807 
613 
840 
95 
387 
611 
437 
56 
284 
524 
115 
556 
9 
152 
552 
239 
25 
750 
208 
350 
125 
832 
568 
547 
454 
964 
737 
905 
464 
180 
647 
629 
152 
239 
811 
654 
842 
577 
885 
815 
367 
969 
454 
370 
220 
514 
205 
575 
630 
636 
136 
989 
253 
652 
590 
160 
390 
529 
227 
516 
166 
200 
779 
481 
283 
635 
642 
968 
101 
853 
228 
404 
333 
241 
264 
932 
653 
980 
154 
592 
41 
168 
314 
314 
100 
754 
695 
296 
310 
950 
887 
175 
668 
841 
907 
778 
568 
264 
295 
810 
955 
647 
424 
600 
904 
836 
321 
481 
619 
734 
271 
474 
362 
456 
451 
845 
227 
490 
553 
970 
894 
753 
95 
481 
668 
510 
695 
94 
80 
493 
232 
751 
661 
687 
18 
658 
648 
546 
601 
210 
127 
943 
244 
812 
706 
285 
766 
429 
817 
196 
653 
71 
295 
764 
193 
59 
485 
135 
391 
808 
42 
452 
654 
149 
633 
613 
746 
171 
908 
68 
584 
407 
344 
761 
881 
375 
568 
967 
674 
403 
287 
352 
138 
966 
512 
478 
566 
20 
672 
788 
594 
6 
150 
404 
497 
84 
753 
586 
855 
675 
572 
856 
485 
79 
670 
483 
109 
34 
453 
415 
630 
662 
675 
727 
970 
55 
625 
383 
262 
37 
172 
61 
562 
649 
181 
677 
201 
197 
757 
676 
323 
809 
608 
736 
25 
259 
897 
694 
977 
838 
639 
139 
828 
823 
255 
999 
531 
756 
954 
871 
905 
37 
857 
458 
901 
104 
757 
199 
942 
152 
148 
941 
172 
621 
993 
898 
661 
770 
978 
120 
421 
475 
256 
717 
426 
829 
459 
833 
791 
283 
204 
630 
782 
742 
831 
235 
572 
148 
745 
962 
399 
404 
54 
115 
83 
105 
86 
296 
582 
229 
96 
242 
193 
40 
744 
323 
88 
113 
109 
574 
836 
564 
550 
716 
758 
125 
823 
329 
190 
428 
854 
326 
454 
362 
67 
455 
784 
354 
719 
552 
255 
739 
60 
988 
469 
501 
317 
503 
216 
899 
31 
549 
642 
400 
785 
249 
362 
420 
488 
658 
957 
769 
342 
947 
25 
297 
404 
362 
963 
107 
573 
52 
575 
429 
908 
503 
8 
772 
505 
791 
481 
666 
673 
301 
539 
999 
708 
181 
391 
187 
714 
591 
191 
866 
8 
617 
769 
434 
511 
987 
124 
273 
639 
315 
477 
987 
842 
145 
691 
634 
379 
933 
986 
454 
177 
592 
437 
208 
503 
65 
920 
473 
14 
713 
333 
592 
964 
424 
541 
556 
999 
929 
890 
175 
453 
692 
402 
588 
222 
188 
518 
746 
92 
896 
412 
256 
617 
861 
442 
284 
290 
51 
220 
583 
363 
286 
711 
459 
635 
289 
775 
704 
937 
774 
6 
235 
327 
833 
990 
432 
334 
958 
609 
706 
107 
320 
103 
160 
528 
531 
704 
122 
110 
820 
834 
612 
897 
864 
237 
850 
988 
498 
29 
478 
255 
17 
336 
53 
654 
521 
385 
512 
700 
393 
972 
986 
896 
373 
675 
510 
303 
244 
800 
27 
474 
957 
507 
449 
217 
373 
711 
326 
304 
173 
976 
197 
112 
906 
96 
407 
905 
604 
234 
844 
232 
715 
662 
235 
12 
591 
15 
136 
101 
319 
353 
942 
510 
108 
23 
238 
778 
495 
284 
86 
405 
728 
184 
973 
365 
137 
157 
174 
329 
762 
691 
700 
232 
830 
697 
437 
85 
574 
444 
201 
938 
828 
181 
452 
587 
987 
902 
378 
572 
125 
229 
507 
429 
717 
261 
480 
493 
622 
977 
876 
717 
507 
106 
142 
774 
89 
139 
823 
758 
290 
323 
583 
294 
523 
146 
549 
688 
136 
96 
830 
912 
607 
474 
300 
823 
986 
551 
107 
440 
489 
130 
745 
173 
951 
872 
493 
17 
828 
709 
657 
516 
3 
746 
954 
346 
140 
305 
400 
573 
5 
900 
809 
876 
501 
763 
890 
580 
753 
365 
809 
846 
546 
313 
581 
881 
39 
581 
95 
890 
831 
711 
453 
857 
345 
777 
548 
893 
96 
994 
509 
547 
33 
507 
788 
171 
583 
496 
805 
3 
297 
824 
792 
744 
585 
110 
663 
802 
545 
97 
852 
408 
866 
336 
56 
892 
13 
986 
314 
968 
557 
509 
93 
992 
564 
917 
30 
194 
309 
120 
748 
940 
730 
712 
288 
629 
615 
689 
607 
207 
78 
787 
621 
355 
613 
665 
261 
973 
301 
443 
999 
761 
372 
194 
472 
839 
237 
98 
592 
43 
887 
813 
64 
552 
299 
85 
554 
390 
858 
105 
438 
448 
615 
452 
354 
371 
504 
595 
962 
69 
338 
958 
136 
394 
605 
512 
142 
325 
62 
986 
17 
973 
973 
261 
504 
310 
14 
503 
406 
609 
987 
535 
124 
118 
890 
932 
490 
329 
187 
908 
231 
387 
85 
73 
520 
915 
769 
352 
237 
700 
110 
789 
874 
169 
671 
577 
925 
462 
18 
29 
611 
568 
355 
740 
968 
192 
81 
571 
494 
260 
990 
44 
781 
983 
100 
69 
965 
67 
894 
418 
536 
595 
285 
218 
291 
509 
301 
992 
894 
872 
520 
160 
266 
475 
600 
134 
219 
654 
354 
681 
622 
357 
225 
261 
732 
458 
9 
497 
311 
521 
158 
302 
221 
651 
628 
954 
883 
803 
168 
324 
84 
109 
326 
200 
722 
696 
740 
485 
228 
33 
15 
542 
616 
274 
653 
470 
843 
491 
35 
111 
423 
344 
952 
948 
116 
50 
169 
181 
291 
19 
486 
275 
342 
660 
845 
421 
356 
529 
310 
451 
60 
472 
199 
473 
783 
597 
16 
398 
747 
2 
233 
701 
189 
829 
187 
419 
687 
58 
613 
51 
482 
819 
224 
670 
389 
485 
781 
63 
567 
965 
293 
502 
882 
587 
873 
531 
913 
534 
972 
430 
787 
296 
493 
492 
520 
898 
921 
669 
339 
715 
728 
987 
609 
29 
567 
685 
121 
393 
206 
405 
780 
925 
123 
535 
503 
611 
71 
972 
127 
59 
927 
70 
412 
915 
70 
516 
121 
471 
961 
232 
819 
676 
579 
383 
687 
705 
378 
616 
305 
967 
257 
697 
443 
256 
447 
262 
675 
551 
192 
324 
496 
6 
739 
941 
710 
486 
748 
5 
415 
90 
563 
300 
580 
69 
364 
901 
917 
757 
504 
415 
118 
104 
668 
153 
27 
734 
129 
819 
485 
727 
468 
618 
189 
903 
246 
253 
944 
710 
679 
694 
923 
997 
431 
651 
417 
406 
349 
942 
363 
99 
475 
81 
143 
778 
777 
262 
261 
64 
249 
390 
965 
539 
195 
624 
93 
508 
970 
100 
18 
533 
615 
57 
116 
359 
485 
948 
296 
440 
628 
106 
40 
266 
570 
39 
605 
743 
214 
248 
200 
108 
567 
350 
557 
396 
37 
308 
121 
439 
646 
699 
477 
282 
372 
68 
795 
273 
397 
206 
361 
2 
899 
32 
757 
491 
516 
65 
367 
295 
213 
838 
853 
733 
595 
660 
802 
17 
186 
447 
512 
543 
226 
618 
273 
526 
366 
440 
16 
761 
983 
562 
861 
236 
921 
330 
881 
469 
723 
287 
470 
344 
141 
498 
787 
120 
525 
96 
423 
739 
507 
785 
227 
61 
878 
81 
997 
911 
78 
853 
90 
313 
579 
40 
220 
598 
53 
878 
268 
288 
118 
953 
826 
276 
126 
890 
595 
991 
533 
394 
546 
368 
854 
265 
250 
928 
986 
896 
650 
399 
354 
794 
122 
41 
433 
248 
501 
553 
25 
757 
32 
965 
773 
198 
522 
90 
431 
487 
892 
689 
244 
106 
171 
330 
756 
641 
892 
544 
614 
222 
871 
262 
339 
417 
239 
520 
778 
449 
641 
948 
324 
551 
611 
210 
280 
512 
751 
563 
618 
961 
319 
718 
496 
135 
707 
57 
270 
95 
650 
165 
810 
108 
709 
778 
546 
680 
826 
254 
828 
725 
287 
104 
110 
883 
165 
666 
143 
501 
880 
550 
150 
487 
4 
583 
346 
43 
970 
827 
50 
620 
883 
48 
606 
258 
84 
77 
85 
976 
826 
675 
480 
578 
424 
188 
303 
43 
415 
130 
619 
894 
918 
683 
483 
747 
170 
411 
763 
740 
415 
930 
122 
640 
672 
72 
714 
424 
627 
599 
598 
737 
904 
376 
79 
329 
212 
680 
191 
357 
105 
636 
410 
2 
816 
906 
745 
387 
994 
258 
769 
491 
139 
502 
36 
851 
888 
350 
295 
246 
770 
790 
859 
130 
284 
644 
719 
186 
218 
836 
430 
890 
466 
839 
901 
331 
95 
476 
360 
560 
211 
645 
766 
448 
413 
221 
714 
684 
428 
384 
491 
19 
195 
948 
710 
525 
981 
463 
178 
13 
882 
993 
204 
210 
523 
323 
229 
663 
986 
192 
585 
690 
582 
251 
905 
882 
150 
545 
675 
309 
675 
376 
663 
624 
915 
913 
590 
96 
731 
210 
215 
721 
821 
262 
66 
85 
91 
673 
208 
975 
594 
935 
274 
865 
354 
684 
785 
650 
365 
777 
502 
164 
342 
686 
620 
293 
357 
67 
770 
452 
832 
724 
37 
879 
523 
604 
166 
323 
243 
560 
408 
59 
663 
359 
348 
748 
104 
481 
456 
265 
787 
998 
613 
122 
397 
136 
384 
914 
119 
340 
588 
473 
833 
5 
302 
175 
651 
985 
953 
699 
74 
656 
75 
595 
880 
202 
96 
972 
664 
873 
485 
821 
16 
831 
791 
631 
295 
712 
197 
959 
673 
507 
747 
543 
81 
749 
881 
649 
742 
223 
244 
494 
705 
258 
907 
383 
502 
976 
868 
370 
353 
252 
816 
70 
291 
748 
116 
34 
821 
326 
746 
787 
132 
353 
15 
13 
174 
45 
398 
461 
740 
142 
917 
956 
280 
893 
351 
574 
264 
503 
618 
811 
284 
706 
145 
350 
493 
230 
36 
253 
246 
48 
934 
880 
552 
741 
760 
973 
272 
980 
389 
658 
995 
412 
222 
837 
966 
249 
766 
209 
775 
689 
360 
138 
128 
484 
920 
883 
677 
603 
63 
638 
635 
184 
883 
300 
92 
847 
182 
781 
488 
499 
606 
106 
502 
251 
701 
161 
955 
406 
34 
680 
746 
214 
480 
462 
278 
529 
965 
247 
308 
973 
541 
582 
540 
661 
928 
768 
320 
623 
546 
766 
262 
9 
785 
859 
891 
883 
500 
151 
697 
445 
178 
499 
602 
836 
657 
94 
685 
482 
392 
368 
185 
988 
183 
445 
840 
640 
85 
356 
214 
102 
250 
760 
57 
846 
342 
790 
971 
914 
362 
536 
965 
70 
742 
298 
639 
325 
938 
851 
326 
605 
225 
599 
821 
375 
995 
554 
135 
904 
122 
255 
387 
859 
991 
330 
593 
274 
214 
123 
653 
194 
631 
548 
490 
447 
950 
828 
792 
64 
205 
589 
896 
165 
473 
339 
367 
174 
122 
47 
354 
469 
487 
10 
866 
14 
529 
550 
616 
254 
479 
505 
562 
418 
179 
923 
326 
138 
474 
195 
406 
214 
401 
828 
188 
279 
590 
414 
80 
201 
237 
722 
145 
743 
612 
822 
313 
768 
529 
226 
892 
137 
202 
402 
657 
59 
246 
829 
17 
166 
738 
389 
232 
478 
838 
128 
482 
69 
17 
998 
160 
585 
378 
956 
715 
831 
377 
937 
800 
864 
949 
135 
981 
971 
664 
164 
75 
132 
440 
9 
900 
715 
614 
987 
895 
872 
892 
552 
81 
46 
107 
84 
678 
533 
187 
21 
761 
532 
878 
795 
40 
590 
583 
93 
932 
269 
359 
32 
591 
269 
665 
641 
335 
666 
887 
756 
426 
956 
771 
366 
314 
650 
730 
624 
651 
29 
830 
765 
306 
271 
660 
422 
385 
547 
54 
347 
352 
166 
1 
62 
158 
574 
657 
403 
937 
826 
627 
978 
34 
139 
283 
872 
532 
250 
440 
850 
662 
602 
149 
235 
863 
470 
481 
193 
594 
646 
353 
723 
106 
262 
980 
965 
832 
536 
520 
480 
882 
164 
819 
123 
798 
836 
836 
806 
112 
677 
235 
417 
8 
395 
743 
985 
432 
179 
855 
139 
604 
575 
770 
939 
314 
318 
674 
343 
612 
882 
422 
559 
68 
574 
664 
16 
439 
544 
367 
946 
453 
387 
869 
335 
625 
24 
347 
301 
876 
678 
668 
109 
686 
639 
960 
524 
655 
557 
442 
842 
603 
189 
363 
762 
717 
186 
576 
601 
853 
301 
714 
803 
980 
836 
773 
194 
88 
489 
227 
976 
243 
101 
866 
375 
825 
381 
643 
974 
66 
363 
788 
767 
852 
807 
944 
783 
541 
752 
957 
406 
575 
693 
14 
624 
141 
569 
827 
11 
613 
263 
318 
770 
911 
354 
767 
24 
108 
425 
139 
289 
738 
512 
735 
78 
744 
170 
595 
751 
45 
950 
117 
847 
14 
152 
772 
626 
407 
665 
431 
386 
57 
201 
548 
714 
509 
196 
213 
802 
800 
707 
600 
205 
424 
781 
989 
783 
142 
486 
582 
66 
988 
694 
122 
995 
753 
348 
18 
65 
275 
293 
361 
38 
220 
936 
517 
578 
696 
852 
491 
803 
37 
708 
10 
425 
132 
570 
5 
545 
247 
809 
767 
864 
924 
751 
483 
971 
17 
803 
690 
165 
264 
84 
681 
809 
5 
107 
585 
328 
149 
473 
568 
476 
130 
219 
953 
462 
125 
741 
151 
382 
435 
437 
312 
481 
890 
658 
160 
319 
437 
581 
19 
885 
919 
134 
367 
889 
725 
738 
248 
741 
575 
139 
166 
157 
32 
577 
77 
492 
459 
552 
12 
428 
953 
281 
744 
828 
24 
806 
865 
399 
286 
824 
68 
923 
39 
163 
147 
127 
99 
861 
835 
561 
700 
627 
684 
302 
566 
196 
862 
731 
447 
490 
690 
476 
993 
30 
958 
483 
646 
283 
454 
995 
476 
686 
503 
477 
217 
356 
661 
955 
256 
821 
968 
731 
508 
336 
274 
951 
501 
502 
156 
362 
729 
667 
666 
365 
85 
915 
612 
828 
172 
641 
303 
474 
326 
398 
587 
252 
300 
824 
301 
924 
196 
505 
176 
5 
777 
898 
232 
567 
476 
767 
640 
843 
896 
428 
940 
593 
466 
16 
265 
911 
736 
825 
468 
326 
565 
505 
416 
688 
466 
72 
908 
708 
326 
113 
748 
333 
72 
873 
142 
431 
540 
806 
288 
596 
333 
740 
193 
774 
251 
422 
5 
358 
37 
474 
757 
389 
560 
326 
614 
192 
840 
834 
0 
865 
694 
926 
106 
172 
451 
982 
732 
711 
845 
979 
446 
550 
752 
571 
855 
646 
190 
299 
56 
224 
793 
157 
354 
160 
320 
29 
477 
214 
344 
8 
619 
540 
293 
767 
508 
482 
762 
872 
483 
695 
790 
958 
288 
601 
815 
746 
504 
527 
675 
130 
706 
836 
212 
369 
267 
718 
492 
558 
829 
864 
226 
650 
483 
765 
219 
468 
272 
423 
877 
887 
89 
791 
807 
728 
592 
685 
749 
552 
2 
161 
275 
400 
843 
491 
296 
766 
345 
33 
669 
402 
862 
599 
917 
278 
762 
692 
208 
710 
320 
962 
923 
532 
159 
222 
810 
47 
429 
169 
32 
741 
359 
342 
966 
447 
883 
757 
602 
236 
258 
655 
778 
360 
832 
771 
946 
806 
838 
825 
170 
252 
171 
501 
820 
774 
822 
173 
580 
526 
6 
462 
705 
922 
333 
285 
59 
918 
683 
938 
413 
292 
823 
561 
692 
81 
828 
308 
329 
610 
81 
787 
660 
94 
640 
710 
745 
974 
116 
876 
544 
546 
61 
708 
527 
934 
134 
789 
578 
237 
89 
305 
30 
909 
73 
543 
691 
451 
304 
801 
873 
224 
306 
91 
636 
317 
913 
998 
434 
186 
835 
451 
531 
37 
233 
251 
819 
777 
417 
543 
421 
141 
318 
636 
88 
991 
254 
49 
390 
208 
781 
884 
642 
882 
777 
833 
930 
848 
5 
276 
110 
164 
449 
138 
552 
6 
922 
243 
156 
916 
590 
355 
122 
909 
187 
977 
705 
835 
368 
575 
118 
632 
612 
691 
725 
207 
974 
997 
551 
623 
764 
426 
254 
283 
648 
528 
181 
774 
200 
268 
907 
670 
205 
848 
161 
437 
342 
809 
489 
968 
790 
344 
306 
777 
979 
559 
2 
56 
361 
686 
147 
122 
638 
598 
441 
920 
103 
103 
474 
436 
131 
949 
463 
127 
102 
608 
587 
326 
497 
652 
145 
310 
952 
325 
331 
317 
668 
327 
376 
676 
850 
358 
5 
906 
371 
146 
200 
842 
933 
461 
361 
400 
451 
111 
705 
231 
33 
497 
927 
559 
731 
529 
865 
245 
661 
214 
672 
164 
61 
109 
240 
11 
801 
355 
822 
614 
75 
460 
618 
745 
708 
19 
175 
386 
656 
850 
73 
159 
966 
36 
814 
896 
419 
898 
328 
550 
15 
755 
754 
308 
840 
983 
545 
933 
22 
374 
933 
127 
463 
132 
40 
254 
443 
385 
591 
427 
914 
998 
262 
478 
85 
97 
288 
410 
307 
253 
311 
696 
253 
812 
337 
591 
820 
999 
268 
243 
841 
463 
83 
939 
773 
796 
834 
456 
442 
982 
526 
98 
386 
891 
761 
452 
790 
208 
28 
716 
738 
59 
309 
84 
599 
672 
124 
324 
577 
11 
873 
900 
730 
326 
656 
556 
918 
283 
927 
831 
617 
123 
471 
519 
134 
296 
545 
42 
930 
481 
891 
742 
584 
52 
843 
809 
29 
905 
228 
436 
359 
307 
615 
328 
914 
250 
675 
562 
803 
928 
200 
555 
400 
473 
856 
891 
287 
558 
919 
599 
335 
379 
836 
728 
621 
936 
761 
127 
663 
37 
632 
630 
710 
681 
542 
880 
63 
413 
341 
851 
2 
804 
628 
965 
440 
582 
753 
189 
806 
221 
138 
708 
287 
255 
768 
691 
385 
918 
94 
222 
142 
877 
961 
690 
238 
196 
727 
531 
67 
341 
493 
97 
853 
255 
676 
860 
63 
122 
107 
469 
250 
797 
787 
807 
512 
349 
463 
494 
84 
175 
738 
975 
16 
656 
14 
176 
687 
883 
962 
25 
260 
683 
611 
820 
826 
825 
831 
432 
582 
583 
38 
332 
474 
606 
474 
338 
956 
485 
104 
778 
686 
155 
310 
425 
822 
728 
464 
729 
329 
511 
366 
963 
964 
974 
49 
778 
227 
97 
374 
338 
757 
876 
73 
689 
472 
399 
294 
901 
313 
607 
747 
726 
295 
42 
450 
76 
313 
259 
926 
764 
340 
352 
84 
408 
177 
336 
869 
349 
423 
88 
304 
161 
565 
496 
845 
996 
299 
434 
135 
486 
657 
546 
162 
602 
79 
756 
589 
825 
687 
610 
353 
778 
656 
181 
748 
584 
653 
543 
471 
452 
381 
623 
486 
109 
196 
596 
161 
254 
842 
5 
910 
319 
115 
488 
682 
982 
807 
185 
184 
495 
130 
421 
641 
577 
118 
744 
781 
180 
55 
188 
200 
16 
903 
956 
200 
159 
292 
912 
6 
310 
591 
73 
323 
783 
958 
735 
357 
451 
541 
256 
715 
374 
504 
524 
325 
748 
628 
287 
631 
275 
799 
287 
504 
584 
620 
383 
357 
142 
475 
299 
467 
20 
97 
405 
566 
423 
444 
712 
107 
208 
250 
866 
917 
679 
891 
567 
814 
416 
387 
795 
771 
413 
981 
672 
542 
476 
764 
402 
54 
354 
51 
735 
41 
552 
280 
971 
389 
246 
44 
194 
260 
461 
431 
647 
550 
249 
121 
853 
459 
327 
732 
988 
465 
530 
680 
63 
42 
556 
399 
315 
714 
252 
307 
314 
632 
155 
356 
9 
267 
652 
446 
615 
15 
499 
178 
735 
167 
924 
172 
39 
485 
232 
830 
626 
696 
259 
427 
67 
214 
1 
653 
324 
18 
755 
747 
253 
551 
620 
909 
496 
998 
737 
18 
221 
748 
385 
189 
770 
344 
169 
539 
901 
987 
427 
144 
901 
777 
695 
731 
645 
599 
66 
255 
203 
902 
943 
787 
120 
983 
52 
587 
376 
638 
62 
112 
149 
476 
263 
759 
823 
144 
679 
630 
799 
6 
56 
508 
508 
507 
791 
785 
341 
688 
784 
299 
928 
861 
57 
130 
371 
287 
562 
639 
865 
501 
578 
297 
191 
623 
590 
943 
543 
960 
774 
373 
749 
222 
272 
353 
184 
479 
498 
997 
891 
303 
730 
410 
749 
647 
31 
626 
582 
696 
878 
911 
147 
456 
398 
587 
187 
252 
597 
239 
778 
671 
238 
608 
654 
186 
75 
175 
329 
77 
160 
991 
311 
748 
328 
348 
112 
269 
268 
106 
680 
849 
504 
548 
909 
866 
864 
215 
401 
300 
364 
670 
344 
414 
552 
391 
468 
627 
239 
533 
919 
404 
817 
376 
40 
896 
778 
170 
739 
527 
21 
155 
946 
563 
489 
63 
112 
112 
714 
862 
680 
414 
211 
324 
97 
653 
587 
762 
797 
912 
854 
357 
594 
124 
670 
438 
872 
99 
593 
298 
84 
244 
548 
731 
548 
758 
728 
798 
380 
373 
380 
726 
761 
579 
307 
425 
92 
571 
144 
441 
138 
50 
319 
174 
33 
694 
382 
682 
485 
276 
60 
222 
340 
501 
728 
83 
542 
761 
357 
931 
681 
615 
220 
616 
732 
954 
899 
29 
195 
912 
253 
901 
338 
224 
579 
808 
653 
290 
9 
829 
376 
60 
83 
28 
970 
705 
673 
139 
800 
844 
129 
700 
879 
526 
524 
397 
33 
341 
476 
720 
164 
445 
805 
524 
63 
955 
120 
452 
607 
647 
304 
814 
697 
954 
807 
870 
640 
449 
888 
276 
617 
385 
803 
715 
645 
355 
740 
76 
528 
713 
604 
755 
336 
658 
917 
215 
935 
474 
280 
592 
548 
526 
946 
788 
719 
103 
222 
35 
516 
421 
804 
852 
106 
629 
987 
415 
853 
606 
546 
180 
128 
920 
702 
148 
479 
134 
639 
23 
627 
654 
403 
853 
335 
711 
311 
585 
67 
290 
867 
339 
39 
796 
85 
676 
35 
307 
297 
304 
413 
342 
248 
151 
938 
682 
191 
284 
168 
946 
178 
514 
699 
239 
912 
923 
631 
473 
935 
788 
254 
12 
819 
965 
81 
310 
252 
773 
988 
480 
198 
486 
670 
116 
614 
644 
342 
430 
41 
147 
644 
422 
670 
170 
831 
380 
775 
555 
299 
644 
283 
893 
606 
565 
472 
163 
90 
421 
288 
382 
509 
623 
929 
664 
775 
735 
802 
67 
148 
701 
299 
554 
956 
681 
948 
221 
55 
638 
272 
867 
940 
81 
747 
915 
875 
492 
529 
548 
410 
910 
873 
422 
653 
614 
43 
608 
546 
336 
974 
508 
52 
438 
93 
615 
350 
635 
770 
581 
58 
212 
996 
45 
658 
896 
181 
784 
167 
906 
471 
800 
728 
284 
616 
335 
902 
741 
403 
685 
373 
542 
377 
503 
797 
762 
792 
812 
114 
453 
59 
145 
113 
943 
546 
639 
61 
224 
835 
179 
168 
862 
393 
431 
629 
604 
748 
240 
854 
166 
417 
328 
849 
2 
260 
572 
785 
361 
379 
224 
202 
327 
428 
25 
844 
846 
906 
731 
492 
994 
884 
693 
992 
57 
863 
554 
737 
961 
501 
169 
462 
222 
805 
335 
534 
388 
29 
451 
302 
938 
614 
994 
140 
704 
423 
245 
531 
810 
300 
304 
33 
389 
969 
668 
565 
594 
65 
111 
948 
697 
500 
442 
30 
120 
832 
803 
28 
163 
22 
556 
221 
230 
801 
868 
890 
593 
283 
349 
806 
131 
265 
638 
266 
618 
888 
897 
472 
682 
960 
879 
822 
180 
831 
827 
517 
241 
609 
732 
131 
816 
735 
287 
534 
220 
557 
885 
450 
489 
641 
793 
420 
512 
185 
844 
744 
681 
603 
620 
112 
472 
587 
466 
494 
572 
441 
236 
469 
612 
721 
115 
682 
554 
127 
261 
120 
461 
346 
989 
21 
681 
824 
553 
479 
530 
450 
404 
523 
833 
770 
61 
79 
989 
530 
81 
766 
286 
39 
869 
316 
359 
134 
614 
490 
682 
318 
540 
213 
216 
102 
884 
306 
480 
624 
749 
205 
936 
534 
93 
162 
586 
739 
125 
11 
201 
150 
994 
12 
765 
963 
374 
611 
90 
594 
423 
563 
223 
356 
637 
395 
86 
147 
178 
515 
223 
689 
21 
711 
123 
684 
55 
959 
14 
792 
234 
205 
643 
886 
847 
273 
238 
244 
311 
490 
518 
621 
332 
717 
530 
218 
585 
907 
382 
808 
543 
358 
502 
436 
921 
228 
122 
765 
730 
944 
210 
601 
190 
77 
100 
258 
342 
860 
196 
842 
760 
976 
227 
581 
503 
504 
907 
575 
790 
573 
289 
726 
947 
980 
468 
136 
986 
806 
374 
111 
462 
654 
761 
300 
79 
859 
155 
795 
17 
359 
149 
646 
714 
215 
744 
388 
158 
907 
985 
27 
182 
336 
95 
851 
494 
101 
762 
525 
966 
683 
958 
676 
124 
593 
40 
955 
135 
974 
873 
104 
239 
784 
633 
239 
915 
237 
470 
729 
819 
720 
652 
335 
136 
798 
567 
217 
352 
641 
47 
268 
62 
148 
363 
956 
418 
537 
450 
790 
877 
896 
653 
105 
744 
960 
977 
365 
789 
659 
212 
141 
909 
933 
54 
953 
475 
373 
578 
96 
522 
487 
780 
956 
459 
145 
717 
222 
185 
229 
181 
491 
737 
519 
72 
727 
331 
911 
997 
697 
742 
449 
955 
703 
916 
811 
660 
500 
241 
366 
871 
607 
370 
801 
440 
109 
19 
970 
555 
594 
562 
687 
913 
372 
826 
556 
882 
512 
634 
397 
68 
370 
632 
998 
18 
503 
624 
586 
665 
821 
457 
201 
903 
950 
561 
477 
764 
176 
824 
807 
54 
200 
283 
125 
119 
744 
546 
143 
170 
783 
116 
450 
55 
376 
529 
284 
666 
478 
185 
761 
283 
622 
595 
654 
233 
565 
128 
916 
280 
532 
705 
191 
29 
249 
150 
32 
295 
544 
208 
231 
969 
401 
841 
837 
381 
476 
955 
633 
803 
642 
119 
41 
290 
70 
807 
156 
830 
741 
397 
254 
539 
481 
638 
779 
241 
28 
97 
631 
960 
635 
572 
662 
718 
312 
473 
295 
959 
53 
413 
262 
972 
254 
474 
171 
951 
798 
229 
725 
302 
76 
66 
594 
582 
24 
118 
811 
17 
833 
358 
652 
659 
881 
918 
162 
962 
235 
973 
64 
260 
419 
855 
275 
894 
415 
898 
93 
90 
61 
981 
727 
432 
949 
662 
82 
8 
320 
323 
719 
398 
273 
228 
789 
959 
234 
439 
276 
652 
970 
899 
656 
245 
119 
681 
592 
624 
7 
407 
255 
250 
579 
631 
955 
876 
45 
545 
292 
210 
225 
644 
983 
832 
802 
674 
244 
917 
647 
773 
204 
685 
630 
180 
783 
434 
319 
43 
21 
699 
525 
82 
379 
71 
232 
660 
248 
468 
598 
674 
841 
531 
755 
689 
970 
334 
119 
890 
719 
685 
463 
81 
266 
61 
334 
272 
428 
834 
118 
237 
25 
990 
937 
833 
383 
147 
597 
834 
640 
373 
455 
539 
81 
644 
623 
514 
938 
169 
533 
739 
118 
134 
954 
435 
133 
955 
283 
536 
545 
478 
609 
847 
885 
778 
828 
405 
693 
628 
409 
834 
441 
10 
169 
299 
332 
244 
468 
159 
493 
704 
134 
381 
155 
161 
89 
892 
830 
647 
523 
858 
588 
725 
978 
601 
1 
287 
789 
911 
3 
690 
868 
325 
925 
824 
443 
410 
417 
284 
859 
113 
596 
412 
785 
344 
972 
453 
763 
186 
805 
362 
344 
496 
749 
888 
640 
747 
197 
76 
28 
989 
209 
534 
799 
649 
642 
282 
989 
624 
666 
508 
290 
310 
94 
476 
967 
452 
987 
722 
800 
575 
786 
196 
114 
536 
494 
606 
707 
678 
577 
649 
226 
417 
713 
615 
25 
136 
336 
414 
295 
829 
141 
379 
419 
671 
957 
489 
166 
129 
118 
938 
721 
225 
461 
420 
511 
132 
486 
240 
916 
72 
436 
151 
446 
802 
186 
414 
994 
96 
569 
661 
466 
514 
643 
458 
134 
565 
735 
610 
185 
631 
486 
859 
669 
754 
566 
179 
993 
803 
892 
477 
466 
754 
655 
830 
760 
47 
267 
971 
851 
755 
788 
638 
381 
461 
707 
792 
713 
574 
405 
480 
669 
351 
250 
501 
788 
297 
492 
25 
631 
365 
153 
494 
485 
533 
234 
646 
321 
962 
565 
45 
435 
88 
560 
601 
697 
287 
143 
454 
598 
732 
991 
843 
740 
671 
772 
673 
847 
902 
984 
149 
738 
769 
909 
27 
798 
967 
525 
429 
55 
114 
728 
725 
978 
751 
806 
448 
684 
209 
957 
539 
693 
285 
709 
850 
901 
648 
682 
438 
77 
600 
138 
919 
705 
265 
304 
763 
852 
994 
304 
654 
973 
207 
372 
818 
944 
616 
566 
712 
392 
577 
198 
400 
596 
235 
823 
830 
664 
635 
349 
654 
870 
873 
706 
576 
468 
468 
754 
255 
95 
837 
626 
431 
624 
777 
848 
461 
190 
538 
535 
108 
645 
736 
346 
717 
533 
724 
252 
214 
622 
582 
877 
430 
82 
416 
24 
0 
811 
290 
642 
6 
600 
399 
509 
816 
874 
656 
14 
742 
499 
823 
459 
986 
345 
167 
689 
889 
192 
650 
37 
843 
910 
739 
106 
672 
194 
141 
547 
14 
527 
11 
321 
81 
902 
34 
247 
971 
130 
580 
228 
612 
352 
991 
504 
802 
710 
717 
947 
340 
955 
588 
802 
500 
208 
489 
380 
772 
149 
176 
388 
779 
951 
976 
183 
568 
697 
77 
561 
229 
113 
45 
51 
207 
156 
472 
191 
493 
268 
993 
647 
824 
832 
634 
595 
538 
509 
47 
778 
450 
588 
330 
707 
398 
36 
663 
588 
42 
377 
80 
291 
32 
85 
452 
314 
760 
247 
755 
624 
563 
553 
509 
982 
42 
830 
796 
512 
789 
884 
927 
885 
145 
542 
161 
856 
616 
973 
545 
632 
407 
495 
275 
860 
532 
392 
495 
355 
991 
889 
704 
99 
459 
719 
840 
721 
29 
582 
530 
72 
188 
413 
776 
21 
89 
739 
142 
235 
49 
34 
534 
914 
288 
298 
110 
814 
753 
154 
703 
476 
875 
507 
935 
192 
38 
693 
858 
293 
71 
183 
44 
613 
312 
24 
538 
474 
75 
603 
33 
435 
24 
339 
303 
539 
637 
963 
553 
351 
822 
801 
973 
487 
949 
756 
281 
902 
27 
180 
571 
173 
712 
889 
994 
661 
680 
422 
757 
572 
847 
951 
971 
330 
437 
481 
890 
811 
357 
593 
180 
488 
579 
79 
263 
930 
773 
916 
484 
582 
795 
731 
587 
800 
521 
884 
484 
25 
149 
622 
577 
74 
476 
62 
842 
982 
898 
667 
169 
306 
449 
684 
623 
665 
737 
44 
367 
854 
393 
732 
578 
936 
886 
674 
274 
653 
394 
49 
603 
936 
286 
953 
438 
549 
59 
376 
752 
40 
116 
881 
610 
872 
400 
500 
427 
369 
416 
294 
907 
42 
652 
107 
969 
324 
715 
185 
672 
877 
178 
423 
117 
980 
764 
54 
684 
765 
179 
30 
251 
503 
982 
420 
983 
21 
955 
394 
350 
514 
607 
743 
645 
248 
180 
641 
355 
690 
642 
681 
581 
424 
50 
510 
11 
627 
430 
573 
419 
994 
213 
87 
877 
29 
22 
658 
191 
840 
186 
717 
370 
594 
479 
311 
100 
262 
98 
95 
575 
97 
364 
193 
705 
214 
905 
439 
790 
398 
237 
542 
883 
244 
328 
771 
77 
624 
172 
214 
434 
850 
116 
445 
677 
762 
839 
68 
928 
77 
85 
692 
756 
731 
521 
761 
45 
902 
968 
337 
564 
773 
849 
234 
149 
26 
181 
3 
50 
649 
241 
853 
279 
75 
633 
251 
681 
986 
904 
792 
848 
189 
310 
280 
404 
662 
392 
274 
431 
650 
950 
188 
503 
280 
33 
232 
583 
822 
220 
861 
446 
352 
212 
281 
592 
579 
43 
270 
468 
889 
761 
874 
182 
366 
500 
940 
774 
779 
130 
627 
297 
352 
356 
209 
917 
335 
966 
200 
691 
382 
684 
892 
128 
565 
711 
121 
604 
89 
511 
30 
112 
449 
675 
251 
849 
575 
872 
911 
874 
161 
831 
796 
673 
641 
946 
775 
640 
241 
463 
115 
39 
427 
301 
565 
176 
776 
999 
470 
379 
143 
928 
756 
668 
760 
550 
634 
65 
290 
433 
129 
88 
938 
462 
70 
657 
653 
271 
190 
647 
655 
285 
192 
29 
949 
593 
978 
118 
824 
750 
271 
46 
475 
740 
831 
335 
39 
161 
815 
646 
253 
216 
154 
320 
892 
863 
280 
175 
259 
371 
455 
434 
585 
527 
31 
659 
907 
101 
458 
698 
670 
276 
12 
867 
94 
883 
335 
603 
854 
997 
666 
777 
641 
277 
547 
922 
160 
587 
570 
757 
837 
616 
496 
177 
159 
462 
241 
227 
999 
628 
262 
108 
394 
297 
957 
635 
976 
86 
44 
871 
661 
113 
300 
936 
438 
695 
259 
694 
766 
522 
861 
762 
729 
627 
636 
268 
161 
538 
509 
932 
423 
532 
804 
525 
660 
172 
987 
510 
369 
869 
895 
523 
268 
278 
444 
204 
59 
807 
938 
421 
550 
731 
920 
381 
552 
751 
656 
315 
190 
538 
531 
502 
884 
893 
198 
571 
556 
437 
989 
717 
720 
471 
983 
623 
370 
131 
834 
494 
730 
508 
625 
333 
776 
455 
291 
408 
890 
426 
38 
374 
504 
959 
387 
33 
822 
888 
716 
319 
986 
965 
395 
846 
750 
228 
869 
987 
248 
721 
55 
316 
105 
415 
591 
111 
59 
269 
599 
698 
62 
348 
885 
485 
709 
400 
630 
685 
644 
645 
325 
362 
741 
340 
254 
322 
683 
430 
40 
111 
838 
968 
698 
247 
881 
703 
269 
652 
368 
462 
474 
475 
430 
934 
534 
136 
766 
870 
427 
218 
32 
619 
921 
666 
502 
17 
853 
866 
943 
922 
376 
708 
892 
967 
203 
232 
186 
341 
249 
602 
791 
425 
631 
259 
784 
696 
479 
263 
754 
552 
723 
224 
632 
987 
560 
721 
533 
861 
560 
565 
226 
579 
989 
240 
586 
222 
555 
510 
955 
17 
821 
755 
304 
959 
627 
938 
189 
633 
146 
787 
179 
735 
5 
127 
365 
252 
762 
693 
986 
607 
56 
338 
731 
63 
384 
548 
447 
110 
745 
688 
326 
746 
969 
421 
467 
40 
264 
697 
213 
1 
887 
74 
823 
650 
841 
951 
119 
639 
208 
736 
364 
168 
564 
939 
860 
990 
992 
529 
820 
415 
149 
440 
937 
32 
67 
826 
727 
747 
421 
622 
392 
386 
980 
709 
895 
402 
343 
552 
518 
699 
506 
217 
292 
95 
620 
719 
51 
841 
709 
221 
241 
560 
616 
805 
933 
636 
957 
945 
653 
337 
290 
562 
766 
90 
171 
725 
955 
735 
936 
83 
225 
473 
958 
415 
283 
581 
305 
94 
945 
816 
592 
650 
62 
146 
145 
351 
194 
414 
406 
202 
933 
705 
608 
270 
342 
209 
60 
136 
915 
568 
587 
598 
569 
25 
262 
132 
431 
994 
777 
79 
686 
138 
856 
54 
523 
877 
440 
550 
568 
174 
807 
700 
839 
156 
422 
256 
937 
864 
13 
408 
111 
694 
808 
450 
455 
210 
577 
847 
720 
573 
207 
524 
689 
824 
181 
123 
983 
400 
53 
170 
174 
514 
319 
65 
299 
401 
556 
706 
31 
966 
256 
452 
158 
312 
192 
824 
449 
140 
224 
256 
256 
198 
376 
340 
340 
145 
408 
760 
156 
235 
385 
579 
870 
829 
958 
832 
361 
257 
451 
330 
144 
917 
244 
164 
865 
799 
874 
735 
695 
721 
754 
503 
261 
927 
310 
344 
989 
166 
72 
84 
640 
543 
307 
441 
246 
533 
972 
753 
888 
484 
554 
674 
764 
674 
58 
887 
624 
866 
302 
334 
235 
110 
807 
484 
545 
453 
648 
110 
797 
206 
101 
433 
620 
428 
76 
324 
631 
298 
2 
564 
169 
713 
857 
416 
650 
919 
777 
183 
179 
938 
469 
303 
451 
726 
23 
7 
802 
347 
38 
583 
588 
378 
887 
822 
936 
97 
418 
92 
625 
54 
383 
450 
76 
752 
201 
766 
531 
428 
105 
827 
930 
311 
678 
689 
624 
79 
971 
865 
385 
887 
441 
539 
225 
50 
983 
787 
11 
167 
447 
441 
27 
286 
380 
809 
137 
515 
201 
67 
103 
696 
211 
43 
860 
152 
9 
603 
842 
865 
842 
832 
693 
689 
664 
355 
78 
613 
172 
240 
159 
894 
283 
668 
911 
509 
183 
490 
927 
623 
785 
959 
870 
244 
885 
503 
611 
341 
390 
991 
161 
341 
61 
829 
784 
778 
756 
469 
713 
252 
327 
149 
810 
477 
357 
899 
315 
488 
682 
326 
448 
271 
193 
682 
536 
920 
690 
399 
637 
328 
294 
932 
141 
323 
978 
65 
832 
586 
843 
154 
203 
406 
87 
627 
749 
452 
413 
96 
320 
250 
157 
827 
50 
361 
674 
76 
540 
755 
39 
300 
51 
38 
736 
802 
309 
346 
339 
658 
134 
488 
903 
819 
892 
308 
948 
0 
648 
532 
507 
817 
438 
145 
350 
491 
206 
669 
627 
813 
828 
645 
814 
60 
548 
506 
509 
41 
467 
507 
120 
714 
570 
661 
152 
631 
92 
677 
406 
349 
762 
605 
471 
688 
221 
477 
935 
260 
508 
148 
389 
629 
78 
208 
822 
216 
250 
634 
788 
994 
381 
389 
919 
15 
908 
528 
652 
661 
850 
26 
582 
434 
469 
430 
986 
932 
420 
879 
744 
64 
131 
854 
215 
860 
243 
81 
263 
985 
91 
806 
221 
995 
324 
369 
802 
867 
803 
82 
477 
279 
488 
426 
59 
464 
567 
640 
740 
604 
60 
239 
535 
509 
677 
18 
65 
674 
242 
467 
338 
101 
128 
207 
72 
821 
71 
614 
760 
716 
497 
26 
314 
452 
756 
671 
813 
397 
673 
42 
499 
594 
669 
236 
766 
957 
328 
281 
515 
840 
197 
283 
102 
214 
537 
269 
614 
8 
368 
781 
714 
764 
116 
937 
628 
980 
983 
342 
53 
875 
755 
621 
345 
157 
975 
271 
588 
911 
621 
154 
686 
956 
570 
780 
843 
954 
150 
223 
430 
693 
693 
86 
743 
890 
141 
263 
658 
494 
161 
49 
378 
752 
204 
464 
901 
309 
978 
839 
546 
395 
980 
558 
9 
456 
955 
692 
10 
171 
383 
782 
952 
146 
567 
232 
391 
494 
940 
395 
260 
460 
321 
424 
316 
334 
230 
836 
336 
506 
646 
389 
647 
881 
949 
52 
924 
834 
286 
779 
746 
159 
3 
761 
389 
401 
942 
716 
595 
120 
464 
598 
530 
477 
233 
890 
92 
676 
695 
873 
897 
196 
986 
464 
523 
289 
959 
141 
720 
188 
163 
362 
819 
432 
435 
385 
724 
856 
810 
57 
753 
296 
323 
543 
645 
138 
631 
592 
857 
514 
48 
118 
608 
963 
207 
561 
807 
523 
492 
665 
996 
748 
228 
713 
997 
717 
919 
517 
789 
49 
130 
568 
428 
534 
707 
311 
628 
705 
524 
770 
459 
799 
857 
292 
573 
455 
21 
736 
521 
399 
450 
407 
896 
740 
87 
967 
441 
190 
887 
198 
193 
507 
368 
512 
873 
794 
465 
85 
744 
507 
656 
383 
370 
933 
346 
986 
673 
688 
876 
836 
619 
253 
858 
23 
573 
59 
622 
213 
7 
475 
51 
108 
391 
429 
722 
786 
738 
716 
261 
994 
336 
400 
970 
951 
295 
67 
323 
433 
635 
743 
723 
430 
981 
101 
323 
578 
561 
129 
143 
98 
477 
716 
82 
30 
311 
777 
361 
469 
902 
925 
415 
573 
60 
913 
988 
947 
97 
497 
715 
40 
195 
762 
484 
181 
950 
176 
343 
776 
407 
741 
3 
527 
29 
201 
166 
460 
33 
414 
261 
434 
637 
795 
598 
696 
116 
868 
124 
475 
337 
808 
803 
88 
938 
259 
117 
938 
262 
924 
532 
497 
196 
521 
57 
428 
70 
970 
445 
0 
646 
268 
62 
881 
144 
847 
603 
944 
17 
154 
371 
822 
966 
726 
523 
33 
455 
576 
15 
412 
349 
474 
860 
723 
866 
156 
131 
752 
936 
743 
880 
191 
13 
563 
443 
193 
86 
586 
110 
775 
586 
28 
921 
837 
168 
500 
163 
434 
418 
891 
378 
268 
804 
475 
181 
385 
360 
934 
15 
11 
820 
993 
86 
148 
847 
659 
821 
851 
519 
498 
615 
285 
423 
345 
702 
159 
519 
290 
595 
563 
580 
210 
70 
498 
682 
485 
935 
513 
471 
744 
310 
670 
449 
870 
729 
229 
403 
980 
348 
590 
964 
753 
270 
745 
208 
720 
145 
149 
524 
241 
882 
29 
932 
375 
530 
581 
431 
282 
220 
851 
765 
304 
280 
289 
408 
743 
663 
362 
481 
551 
912 
403 
332 
502 
115 
300 
166 
211 
188 
727 
150 
943 
601 
384 
850 
825 
631 
21 
964 
393 
715 
713 
357 
631 
997 
147 
743 
197 
97 
188 
961 
458 
905 
305 
767 
576 
237 
502 
833 
633 
733 
836 
757 
973 
56 
51 
951 
831 
518 
116 
119 
490 
987 
120 
204 
645 
500 
85 
896 
262 
55 
683 
500 
390 
454 
873 
270 
329 
149 
542 
55 
170 
189 
445 
634 
588 
831 
863 
930 
731 
532 
415 
363 
764 
725 
971 
276 
27 
799 
431 
539 
956 
985 
766 
65 
636 
193 
403 
72 
488 
483 
20 
458 
70 
235 
777 
300 
795 
934 
60 
27 
460 
828 
265 
157 
89 
969 
799 
388 
359 
172 
72 
966 
741 
919 
230 
936 
778 
720 
982 
101 
837 
687 
713 
745 
948 
217 
80 
899 
281 
956 
753 
330 
322 
757 
264 
127 
320 
879 
319 
364 
291 
404 
152 
707 
531 
776 
42 
938 
770 
140 
259 
909 
536 
633 
965 
165 
487 
821 
164 
40 
184 
379 
462 
168 
917 
174 
804 
288 
993 
734 
345 
645 
765 
479 
72 
681 
221 
597 
43 
974 
394 
829 
369 
513 
265 
776 
367 
277 
196 
633 
555 
721 
391 
265 
884 
948 
677 
904 
534 
657 
628 
935 
173 
142 
863 
652 
792 
273 
155 
6 
480 
724 
268 
594 
705 
856 
616 
693 
80 
953 
420 
811 
109 
409 
470 
103 
587 
927 
170 
811 
126 
337 
193 
3 
900 
151 
496 
917 
759 
258 
893 
283 
10 
181 
838 
285 
986 
43 
701 
848 
975 
841 
639 
180 
403 
261 
205 
429 
546 
832 
725 
191 
275 
200 
873 
575 
566 
744 
871 
0 
982 
108 
211 
60 
929 
648 
154 
716 
421 
408 
544 
289 
261 
902 
861 
603 
573 
295 
364 
970 
610 
775 
572 
148 
237 
742 
66 
646 
386 
2 
334 
134 
724 
223 
333 
320 
172 
973 
559 
976 
473 
146 
386 
952 
90 
943 
927 
450 
10 
526 
627 
504 
571 
108 
8 
985 
222 
924 
389 
327 
681 
157 
292 
287 
738 
700 
699 
937 
83 
85 
301 
353 
167 
678 
217 
660 
485 
12 
579 
287 
898 
131 
194 
461 
323 
800 
394 
743 
532 
97 
906 
849 
946 
143 
217 
163 
872 
26 
197 
133 
416 
918 
156 
638 
783 
590 
942 
55 
646 
6 
323 
955 
911 
212 
945 
394 
709 
826 
688 
734 
423 
77 
130 
565 
550 
282 
181 
201 
925 
922 
467 
789 
792 
27 
500 
665 
392 
393 
682 
663 
415 
132 
29 
262 
46 
36 
440 
439 
671 
474 
452 
238 
16 
841 
323 
947 
37 
133 
392 
882 
25 
499 
61 
832 
246 
201 
309 
928 
555 
295 
307 
669 
501 
838 
171 
288 
26 
560 
527 
387 
330 
345 
76 
39 
614 
60 
663 
587 
822 
872 
818 
351 
789 
797 
284 
616 
752 
82 
623 
732 
623 
433 
371 
72 
27 
725 
283 
848 
129 
210 
199 
384 
445 
118 
786 
424 
82 
566 
77 
197 
265 
916 
795 
325 
857 
320 
118 
75 
854 
621 
850 
349 
741 
334 
873 
530 
54 
96 
503 
727 
891 
265 
198 
924 
417 
481 
869 
651 
844 
888 
940 
304 
63 
64 
492 
191 
196 
197 
764 
802 
809 
778 
463 
19 
308 
758 
564 
513 
985 
639 
30 
214 
105 
5 
182 
392 
821 
202 
213 
478 
275 
481 
78 
398 
856 
589 
443 
140 
959 
787 
639 
973 
977 
594 
764 
253 
981 
625 
110 
150 
162 
819 
432 
99 
123 
103 
325 
292 
106 
362 
74 
634 
312 
961 
530 
245 
155 
609 
481 
795 
162 
610 
141 
884 
661 
188 
658 
300 
976 
248 
926 
457 
33 
642 
341 
910 
320 
158 
717 
711 
127 
584 
3 
654 
682 
640 
320 
38 
649 
326 
271 
589 
771 
115 
584 
951 
270 
456 
114 
912 
996 
706 
108 
498 
991 
431 
221 
145 
793 
466 
428 
395 
381 
269 
154 
508 
370 
527 
384 
552 
897 
412 
75 
386 
549 
677 
799 
477 
155 
839 
698 
577 
538 
400 
504 
529 
300 
47 
136 
106 
733 
252 
516 
438 
772 
432 
742 
898 
616 
789 
178 
685 
636 
689 
527 
322 
814 
600 
762 
119 
773 
624 
348 
983 
889 
497 
874 
389 
631 
204 
750 
763 
285 
898 
948 
57 
843 
865 
888 
569 
451 
755 
70 
987 
474 
223 
553 
269 
375 
884 
968 
117 
755 
339 
527 
858 
58 
789 
962 
503 
297 
853 
255 
122 
688 
487 
676 
820 
547 
368 
702 
233 
699 
216 
180 
595 
426 
158 
915 
602 
63 
690 
595 
135 
606 
897 
66 
433 
148 
300 
496 
720 
18 
562 
747 
159 
903 
792 
636 
415 
243 
894 
201 
338 
905 
892 
308 
997 
149 
180 
972 
434 
735 
873 
34 
421 
774 
449 
863 
373 
216 
679 
116 
237 
920 
908 
386 
124 
914 
751 
676 
186 
164 
98 
465 
68 
941 
895 
470 
337 
474 
523 
684 
845 
806 
450 
893 
110 
810 
459 
949 
150 
877 
805 
447 
841 
238 
546 
629 
464 
264 
459 
628 
292 
717 
21 
407 
878 
166 
570 
898 
575 
338 
266 
306 
187 
413 
132 
996 
156 
442 
8 
652 
436 
773 
183 
95 
971 
146 
677 
834 
666 
754 
477 
76 
782 
415 
709 
769 
193 
733 
420 
273 
862 
388 
266 
0 
316 
483 
559 
847 
469 
40 
878 
364 
639 
565 
547 
349 
418 
461 
579 
123 
419 
439 
523 
980 
592 
481 
524 
665 
941 
818 
341 
793 
399 
841 
154 
685 
519 
505 
299 
471 
474 
609 
8 
613 
974 
175 
259 
714 
327 
870 
542 
286 
683 
168 
784 
356 
474 
477 
906 
501 
18 
851 
462 
268 
42 
392 
410 
417 
894 
687 
81 
266 
554 
800 
339 
991 
555 
83 
679 
908 
498 
5 
934 
877 
386 
812 
297 
597 
604 
904 
69 
287 
360 
291 
70 
560 
231 
74 
826 
549 
735 
28 
864 
689 
375 
203 
593 
922 
68 
488 
557 
637 
83 
372 
201 
814 
959 
500 
872 
845 
741 
908 
775 
629 
334 
920 
381 
447 
62 
95 
203 
567 
611 
553 
464 
573 
559 
746 
873 
662 
633 
151 
39 
516 
49 
345 
801 
619 
339 
152 
172 
229 
766 
737 
399 
201 
350 
707 
540 
688 
982 
302 
420 
256 
58 
845 
466 
36 
11 
70 
755 
835 
644 
88 
268 
912 
558 
244 
269 
875 
199 
479 
93 
790 
679 
118 
790 
274 
550 
715 
618 
954 
792 
720 
670 
0 
115 
441 
773 
576 
59 
919 
664 
362 
996 
874 
781 
875 
352 
30 
454 
998 
176 
145 
692 
782 
600 
348 
179 
952 
279 
729 
383 
439 
180 
476 
455 
784 
560 
204 
593 
743 
615 
676 
335 
993 
552 
805 
41 
436 
296 
535 
979 
772 
185 
679 
184 
983 
537 
435 
38 
171 
688 
860 
996 
782 
186 
107 
57 
886 
671 
23 
455 
467 
247 
670 
49 
386 
913 
738 
440 
843 
373 
998 
548 
277 
105 
561 
249 
312 
546 
722 
688 
467 
363 
709 
847 
71 
738 
92 
68 
724 
465 
506 
118 
194 
106 
868 
860 
187 
951 
785 
835 
24 
153 
835 
177 
193 
87 
830 
727 
672 
642 
265 
223 
440 
926 
899 
491 
842 
580 
248 
390 
240 
693 
588 
38 
54 
233 
575 
674 
950 
506 
617 
472 
659 
626 
336 
659 
800 
252 
551 
387 
185 
890 
993 
53 
290 
971 
847 
869 
615 
415 
335 
241 
284 
845 
462 
832 
390 
252 
574 
170 
289 
689 
859 
530 
340 
370 
194 
97 
442 
224 
276 
925 
186 
10 
938 
434 
49 
55 
457 
159 
126 
460 
752 
148 
231 
680 
343 
507 
762 
675 
754 
109 
654 
46 
230 
646 
411 
847 
748 
676 
831 
363 
884 
499 
459 
306 
379 
93 
349 
781 
960 
928 
791 
123 
3 
648 
592 
157 
472 
303 
946 
902 
411 
794 
324 
927 
171 
854 
664 
338 
972 
586 
743 
765 
743 
663 
236 
737 
629 
374 
887 
484 
309 
208 
11 
396 
306 
124 
409 
277 
112 
388 
166 
916 
480 
305 
947 
653 
682 
649 
107 
546 
18 
638 
19 
797 
246 
896 
269 
81 
247 
165 
957 
699 
247 
192 
168 
390 
746 
272 
89 
8 
784 
91 
94 
359 
305 
803 
699 
512 
18 
919 
429 
529 
911 
877 
633 
29 
809 
375 
686 
536 
130 
899 
920 
236 
311 
231 
791 
107 
54 
797 
640 
285 
799 
899 
922 
917 
408 
527 
891 
63 
459 
17 
68 
461 
619 
969 
859 
299 
639 
202 
135 
887 
350 
319 
273 
405 
292 
910 
929 
129 
364 
250 
902 
318 
262 
765 
986 
239 
642 
493 
902 
372 
78 
454 
914 
335 
677 
817 
567 
416 
201 
411 
712 
38 
618 
713 
270 
486 
775 
435 
76 
929 
452 
959 
11 
817 
997 
335 
607 
252 
810 
493 
705 
701 
203 
438 
301 
103 
102 
941 
463 
459 
982 
730 
962 
12 
55 
450 
841 
265 
64 
480 
178 
99 
503 
100 
471 
695 
155 
884 
319 
310 
582 
936 
109 
819 
649 
338 
551 
765 
13 
637 
849 
246 
495 
510 
411 
723 
420 
905 
441 
261 
558 
877 
393 
350 
109 
90 
386 
904 
377 
145 
643 
347 
574 
237 
986 
534 
97 
449 
662 
440 
171 
514 
95 
559 
44 
871 
36 
897 
346 
70 
357 
497 
377 
920 
99 
980 
965 
192 
925 
596 
94 
16 
12 
956 
739 
660 
576 
318 
411 
531 
620 
906 
279 
956 
936 
687 
188 
21 
30 
919 
176 
946 
15 
734 
434 
531 
119 
939 
479 
982 
86 
195 
763 
624 
840 
545 
741 
710 
416 
450 
782 
737 
856 
521 
914 
425 
404 
190 
512 
401 
264 
61 
359 
843 
366 
700 
665 
861 
261 
532 
165 
45 
702 
92 
95 
721 
529 
946 
579 
506 
944 
412 
890 
914 
786 
766 
524 
467 
131 
60 
855 
378 
361 
643 
982 
156 
498 
931 
798 
223 
780 
183 
941 
580 
742 
952 
827 
988 
157 
807 
430 
945 
593 
954 
976 
838 
506 
777 
500 
633 
349 
329 
385 
248 
163 
176 
310 
50 
27 
626 
47 
88 
614 
668 
367 
795 
932 
407 
487 
567 
254 
431 
413 
233 
236 
565 
768 
213 
96 
737 
339 
556 
122 
764 
224 
467 
421 
989 
247 
7 
241 
258 
655 
160 
986 
418 
948 
979 
906 
593 
394 
533 
867 
939 
449 
892 
967 
932 
553 
440 
84 
24 
248 
411 
346 
870 
818 
420 
870 
298 
568 
818 
420 
572 
188 
999 
496 
915 
523 
963 
822 
381 
820 
347 
188 
643 
705 
217 
92 
321 
108 
542 
982 
60 
772 
686 
749 
119 
871 
723 
0 
439 
762 
820 
748 
278 
166 
398 
265 
597 
877 
123 
978 
381 
135 
707 
161 
671 
686 
585 
138 
658 
232 
312 
214 
694 
862 
413 
891 
23 
112 
614 
442 
100 
652 
427 
938 
56 
671 
76 
91 
185 
898 
148 
733 
703 
192 
932 
946 
503 
304 
683 
537 
145 
286 
397 
956 
358 
415 
705 
932 
62 
293 
263 
580 
857 
239 
833 
604 
628 
572 
682 
991 
823 
417 
805 
511 
196 
874 
575 
615 
42 
646 
975 
16 
484 
886 
909 
600 
604 
430 
449 
97 
683 
421 
69 
14 
869 
394 
310 
659 
912 
464 
254 
965 
238 
907 
638 
104 
444 
851 
811 
760 
10 
672 
6 
209 
347 
903 
120 
219 
103 
548 
845 
976 
608 
296 
57 
24 
953 
702 
136 
848 
102 
32 
298 
694 
47 
711 
503 
904 
71 
51 
816 
653 
13 
752 
863 
739 
912 
233 
767 
867 
416 
121 
174 
995 
59 
512 
713 
874 
277 
314 
441 
745 
124 
151 
14 
840 
987 
350 
569 
63 
596 
427 
622 
14 
780 
891 
946 
134 
858 
334 
209 
50 
455 
68 
723 
104 
229 
378 
687 
509 
361 
95 
665 
296 
875 
787 
992 
749 
376 
216 
779 
173 
885 
723 
494 
315 
926 
508 
431 
218 
600 
147 
806 
486 
716 
254 
628 
929 
45 
537 
91 
391 
613 
13 
254 
739 
522 
164 
522 
515 
959 
876 
926 
586 
232 
170 
855 
709 
117 
657 
343 
952 
523 
411 
775 
345 
887 
950 
802 
620 
941 
883 
892 
897 
792 
979 
274 
684 
203 
763 
820 
916 
527 
770 
577 
254 
438 
329 
57 
562 
207 
802 
249 
54 
283 
347 
563 
545 
936 
533 
468 
163 
851 
800 
826 
388 
547 
242 
29 
570 
92 
88 
28 
710 
298 
283 
612 
729 
806 
711 
149 
459 
637 
816 
726 
917 
503 
278 
546 
688 
22 
91 
930 
445 
448 
1 
253 
902 
110 
761 
669 
669 
30 
434 
988 
339 
838 
135 
223 
163 
610 
925 
570 
433 
967 
443 
964 
461 
81 
474 
492 
53 
890 
47 
268 
346 
372 
686 
230 
233 
369 
601 
124 
548 
665 
122 
931 
226 
68 
221 
147 
5 
392 
298 
992 
498 
109 
834 
933 
207 
647 
999 
634 
208 
868 
1 
107 
418 
535 
614 
508 
619 
564 
770 
937 
449 
381 
727 
322 
779 
28 
614 
663 
69 
433 
951 
712 
120 
863 
550 
145 
505 
34 
710 
132 
865 
476 
962 
151 
973 
585 
498 
463 
982 
519 
611 
125 
603 
993 
850 
248 
550 
878 
258 
131 
5 
981 
28 
257 
210 
916 
790 
958 
77 
882 
487 
536 
720 
50 
810 
414 
459 
137 
145 
471 
225 
481 
412 
551 
146 
895 
882 
29 
611 
665 
968 
456 
523 
788 
464 
315 
432 
5 
163 
742 
401 
495 
697 
632 
685 
813 
600 
690 
156 
848 
620 
533 
3 
515 
102 
623 
510 
677 
472 
378 
714 
790 
272 
853 
937 
110 
683 
967 
593 
826 
148 
945 
399 
521 
37 
595 
888 
806 
261 
850 
408 
806 
474 
880 
350 
109 
249 
829 
496 
900 
60 
701 
595 
6 
35 
82 
158 
938 
670 
292 
791 
587 
402 
557 
750 
735 
922 
65 
137 
29 
664 
542 
159 
907 
588 
369 
585 
799 
596 
434 
966 
396 
573 
336 
438 
950 
65 
448 
393 
770 
129 
994 
265 
456 
989 
116 
965 
258 
329 
75 
992 
530 
18 
495 
953 
479 
562 
87 
940 
312 
224 
245 
385 
268 
500 
547 
875 
617 
809 
566 
756 
68 
860 
473 
775 
184 
76 
5 
462 
874 
490 
352 
693 
477 
475 
980 
863 
121 
555 
746 
399 
658 
692 
686 
514 
54 
584 
757 
291 
118 
820 
900 
118 
32 
381 
826 
225 
109 
775 
849 
416 
175 
660 
553 
465 
925 
58 
350 
631 
170 
984 
290 
858 
803 
129 
654 
15 
560 
362 
622 
980 
452 
361 
386 
255 
904 
239 
540 
39 
989 
72 
887 
907 
417 
119 
28 
978 
820 
967 
195 
531 
235 
56 
824 
198 
764 
375 
660 
81 
99 
857 
654 
224 
972 
801 
113 
703 
123 
768 
336 
90 
401 
588 
135 
775 
199 
941 
291 
354 
152 
43 
493 
665 
353 
236 
611 
281 
445 
141 
992 
273 
183 
654 
134 
517 
382 
683 
872 
670 
632 
97 
324 
160 
576 
894 
153 
764 
250 
683 
782 
695 
106 
230 
459 
507 
607 
11 
380 
652 
637 
548 
251 
982 
131 
593 
197 
805 
274 
425 
72 
356 
344 
841 
546 
90 
332 
660 
350 
682 
642 
468 
635 
555 
449 
951 
926 
359 
812 
894 
17 
71 
486 
587 
348 
895 
929 
769 
675 
14 
360 
616 
200 
401 
979 
640 
738 
329 
139 
966 
605 
634 
879 
669 
148 
700 
303 
199 
197 
591 
751 
421 
572 
515 
486 
659 
739 
606 
367 
838 
865 
754 
703 
490 
448 
206 
689 
928 
563 
611 
822 
301 
719 
394 
737 
689 
313 
116 
442 
678 
728 
402 
713 
919 
325 
174 
254 
107 
193 
234 
438 
482 
453 
848 
721 
919 
928 
1 
129 
927 
612 
586 
789 
793 
426 
731 
192 
182 
48 
234 
459 
195 
448 
128 
490 
972 
946 
458 
62 
612 
789 
35 
174 
98 
826 
103 
252 
414 
993 
923 
461 
813 
408 
652 
104 
209 
616 
318 
259 
364 
203 
470 
602 
966 
900 
865 
378 
421 
37 
221 
766 
29 
383 
793 
271 
649 
293 
777 
953 
896 
538 
637 
347 
627 
396 
123 
183 
262 
417 
121 
923 
940 
553 
919 
239 
384 
636 
381 
104 
666 
894 
1 
573 
623 
143 
660 
0 
653 
328 
341 
599 
460 
307 
405 
884 
360 
186 
829 
329 
767 
803 
709 
904 
174 
803 
895 
90 
481 
288 
436 
206 
362 
739 
621 
348 
530 
86 
156 
835 
582 
634 
715 
856 
75 
589 
325 
512 
333 
618 
748 
431 
181 
760 
251 
962 
817 
816 
693 
226 
392 
33 
462 
186 
190 
958 
817 
307 
61 
235 
329 
982 
469 
540 
267 
274 
581 
447 
92 
798 
818 
922 
375 
265 
903 
888 
746 
520 
182 
688 
58 
377 
198 
358 
187 
285 
86 
398 
4 
250 
168 
927 
595 
154 
138 
69 
885 
686 
761 
25 
233 
888 
950 
260 
654 
959 
670 
25 
489 
812 
301 
907 
948 
853 
618 
64 
403 
479 
545 
300 
888 
169 
445 
808 
434 
567 
132 
941 
602 
652 
272 
12 
342 
892 
818 
719 
441 
297 
698 
93 
146 
268 
532 
122 
772 
854 
13 
725 
38 
16 
551 
599 
316 
336 
122 
608 
694 
404 
91 
804 
200 
780 
945 
406 
378 
659 
69 
852 
112 
110 
770 
859 
748 
361 
494 
212 
154 
934 
151 
767 
85 
111 
649 
927 
656 
446 
607 
295 
288 
355 
841 
467 
144 
798 
717 
522 
133 
773 
840 
602 
491 
424 
382 
332 
855 
995 
57 
449 
167 
996 
439 
622 
830 
717 
871 
76 
421 
316 
181 
452 
958 
610 
68 
665 
650 
89 
235 
445 
463 
322 
595 
609 
850 
77 
368 
599 
627 
345 
886 
570 
401 
135 
925 
801 
235 
58 
40 
767 
873 
578 
299 
439 
818 
330 
180 
598 
615 
854 
716 
113 
56 
129 
285 
673 
677 
566 
269 
60 
360 
861 
900 
166 
825 
960 
603 
128 
250 
558 
5 
183 
493 
56 
290 
696 
506 
179 
610 
627 
149 
949 
855 
469 
968 
523 
118 
59 
909 
202 
736 
659 
342 
189 
811 
365 
928 
271 
30 
971 
733 
681 
870 
365 
209 
854 
890 
671 
800 
324 
349 
503 
814 
582 
917 
538 
87 
800 
632 
190 
464 
955 
591 
653 
301 
714 
357 
384 
645 
452 
249 
242 
602 
91 
529 
351 
398 
35 
242 
661 
307 
671 
110 
978 
689 
849 
646 
654 
597 
528 
80 
186 
711 
143 
530 
609 
725 
92 
296 
670 
359 
774 
634 
934 
843 
723 
905 
111 
418 
944 
131 
738 
698 
90 
165 
429 
461 
661 
121 
699 
818 
243 
513 
792 
235 
743 
426 
872 
471 
483 
876 
831 
672 
631 
273 
583 
575 
482 
940 
237 
846 
349 
980 
52 
479 
726 
41 
695 
644 
355 
599 
97 
367 
985 
768 
519 
66 
11 
23 
864 
225 
478 
906 
172 
399 
229 
591 
499 
214 
544 
67 
783 
939 
138 
622 
301 
521 
459 
827 
544 
125 
851 
975 
583 
458 
297 
176 
735 
222 
931 
472 
323 
508 
479 
217 
388 
804 
969 
188 
844 
8 
53 
813 
503 
168 
15 
297 
724 
760 
137 
330 
368 
312 
957 
554 
973 
676 
692 
623 
505 
165 
767 
334 
761 
673 
84 
667 
639 
902 
298 
303 
553 
805 
656 
891 
309 
756 
108 
116 
642 
732 
648 
687 
328 
757 
833 
279 
91 
134 
418 
485 
124 
577 
670 
576 
0 
670 
398 
597 
245 
623 
90 
352 
643 
53 
739 
108 
271 
841 
128 
367 
382 
37 
79 
986 
439 
300 
991 
735 
610 
78 
763 
467 
976 
585 
449 
39 
178 
517 
796 
145 
759 
110 
800 
625 
904 
32 
652 
761 
695 
310 
140 
979 
656 
107 
23 
178 
950 
925 
598 
450 
976 
54 
447 
225 
214 
533 
728 
202 
511 
596 
88 
7 
820 
259 
771 
815 
443 
318 
556 
937 
508 
963 
632 
520 
880 
510 
808 
399 
500 
368 
407 
519 
952 
973 
461 
974 
612 
981 
787 
490 
221 
357 
352 
367 
69 
879 
164 
493 
209 
623 
43 
981 
871 
352 
676 
197 
855 
342 
34 
882 
657 
813 
58 
750 
607 
810 
70 
723 
645 
937 
490 
431 
382 
79 
941 
664 
305 
528 
99 
169 
628 
724 
208 
29 
567 
709 
927 
395 
156 
300 
268 
579 
221 
428 
311 
593 
327 
143 
970 
735 
710 
161 
588 
728 
305 
874 
408 
898 
256 
447 
207 
459 
507 
227 
653 
704 
612 
786 
235 
137 
903 
214 
816 
1 
617 
526 
277 
133 
271 
379 
897 
763 
905 
325 
955 
725 
687 
990 
806 
94 
578 
92 
82 
924 
662 
341 
480 
190 
414 
711 
494 
88 
297 
678 
484 
917 
732 
705 
422 
333 
680 
526 
787 
655 
717 
317 
813 
408 
231 
435 
698 
996 
624 
136 
362 
996 
222 
339 
762 
697 
310 
900 
257 
552 
313 
650 
817 
119 
846 
246 
864 
862 
337 
120 
615 
210 
867 
777 
275 
166 
721 
353 
378 
211 
137 
233 
344 
746 
394 
91 
75 
919 
867 
913 
660 
8 
775 
460 
95 
421 
936 
878 
76 
963 
338 
601 
559 
556 
465 
25 
36 
34 
181 
720 
880 
532 
325 
721 
444 
655 
394 
71 
731 
112 
278 
830 
262 
809 
516 
730 
638 
434 
209 
543 
882 
354 
323 
241 
65 
310 
553 
62 
450 
450 
556 
576 
970 
78 
557 
382 
894 
842 
287 
582 
777 
557 
197 
412 
441 
946 
679 
918 
429 
252 
961 
171 
225 
92 
245 
841 
318 
880 
635 
174 
219 
262 
725 
329 
921 
226 
664 
754 
117 
372 
680 
455 
535 
253 
674 
865 
691 
123 
256 
847 
261 
764 
489 
369 
707 
640 
599 
335 
470 
697 
837 
562 
400 
191 
953 
915 
508 
607 
870 
820 
355 
644 
725 
196 
523 
297 
453 
151 
165 
614 
480 
636 
358 
649 
480 
496 
742 
406 
962 
724 
944 
450 
521 
107 
169 
133 
278 
943 
477 
414 
328 
12 
966 
235 
886 
604 
534 
505 
740 
908 
831 
633 
430 
311 
520 
76 
318 
58 
635 
904 
684 
376 
901 
851 
207 
743 
590 
87 
287 
779 
74 
863 
652 
977 
199 
129 
172 
311 
96 
252 
137 
994 
313 
36 
498 
887 
211 
772 
84 
846 
810 
51 
199 
188 
470 
171 
573 
16 
847 
766 
641 
161 
52 
121 
853 
581 
654 
949 
670 
781 
472 
171 
172 
479 
354 
88 
84 
52 
167 
954 
480 
796 
811 
178 
715 
958 
49 
170 
533 
989 
707 
985 
550 
655 
363 
988 
400 
903 
818 
192 
477 
78 
200 
149 
67 
653 
515 
157 
205 
254 
859 
629 
213 
364 
301 
251 
518 
784 
542 
633 
623 
174 
827 
201 
764 
431 
767 
682 
159 
703 
765 
65 
304 
98 
246 
635 
744 
483 
548 
322 
116 
613 
264 
830 
376 
918 
530 
878 
442 
825 
287 
136 
841 
298 
215 
813 
350 
719 
456 
280 
225 
725 
453 
345 
639 
569 
851 
564 
746 
457 
253 
535 
922 
242 
862 
613 
227 
810 
400 
76 
863 
144 
658 
510 
581 
539 
303 
94 
681 
353 
893 
353 
319 
698 
963 
519 
746 
819 
295 
433 
850 
207 
86 
622 
38 
923 
333 
289 
485 
608 
168 
269 
3 
567 
537 
380 
234 
288 
803 
188 
447 
228 
511 
955 
855 
28 
495 
948 
970 
241 
521 
226 
991 
117 
623 
581 
888 
969 
629 
731 
798 
329 
978 
520 
328 
53 
2 
857 
49 
153 
850 
950 
112 
376 
782 
702 
715 
340 
833 
399 
734 
825 
515 
718 
33 
787 
23 
820 
744 
292 
437 
298 
975 
435 
789 
534 
917 
394 
406 
150 
968 
958 
702 
804 
450 
588 
378 
3 
171 
706 
416 
281 
238 
628 
227 
710 
536 
497 
103 
620 
423 
637 
182 
375 
519 
911 
219 
190 
91 
678 
68 
883 
170 
207 
429 
655 
319 
562 
475 
754 
189 
951 
37 
410 
227 
611 
882 
25 
453 
511 
263 
668 
284 
114 
792 
905 
863 
886 
770 
473 
553 
897 
582 
311 
684 
157 
296 
511 
350 
289 
984 
874 
899 
577 
840 
473 
524 
956 
672 
512 
967 
541 
791 
61 
999 
901 
699 
321 
365 
470 
995 
543 
479 
571 
274 
642 
544 
510 
614 
20 
256 
130 
322 
844 
893 
538 
625 
335 
729 
57 
525 
274 
655 
516 
95 
535 
785 
236 
535 
847 
547 
993 
638 
967 
661 
820 
673 
877 
637 
419 
121 
5 
523 
507 
641 
863 
153 
768 
544 
267 
59 
529 
640 
208 
19 
578 
702 
465 
937 
729 
203 
962 
625 
997 
258 
953 
436 
364 
115 
808 
83 
253 
367 
930 
721 
677 
597 
460 
361 
421 
565 
646 
201 
659 
419 
466 
261 
88 
957 
404 
295 
51 
112 
170 
509 
476 
73 
582 
915 
987 
368 
482 
931 
594 
793 
132 
194 
728 
814 
882 
893 
96 
615 
791 
691 
33 
300 
759 
509 
855 
164 
775 
475 
474 
871 
536 
41 
637 
113 
878 
290 
842 
239 
972 
620 
476 
727 
891 
901 
884 
419 
706 
283 
609 
903 
663 
146 
66 
692 
287 
585 
133 
139 
643 
174 
870 
126 
844 
684 
136 
67 
968 
530 
143 
506 
605 
822 
681 
849 
590 
274 
130 
46 
996 
765 
991 
61 
326 
421 
542 
739 
276 
939 
932 
658 
16 
167 
406 
493 
206 
903 
381 
511 
925 
218 
939 
447 
38 
834 
139 
423 
557 
593 
352 
61 
839 
962 
956 
73 
323 
988 
773 
320 
739 
19 
171 
313 
773 
239 
852 
558 
452 
321 
459 
69 
925 
179 
879 
311 
879 
183 
296 
904 
226 
451 
968 
801 
347 
731 
967 
275 
999 
327 
975 
357 
719 
895 
289 
815 
898 
253 
344 
943 
977 
954 
908 
788 
319 
315 
674 
850 
831 
557 
514 
797 
203 
751 
528 
874 
194 
319 
936 
122 
945 
767 
660 
432 
509 
105 
872 
765 
624 
385 
80 
9 
195 
50 
248 
69 
867 
844 
403 
87 
551 
37 
672 
726 
736 
637 
882 
391 
769 
670 
223 
727 
554 
411 
172 
706 
432 
344 
255 
347 
215 
819 
557 
316 
10 
18 
445 
665 
434 
525 
212 
248 
22 
701 
562 
507 
482 
405 
245 
898 
259 
888 
404 
250 
465 
908 
223 
771 
598 
237 
222 
169 
950 
356 
943 
696 
888 
657 
684 
982 
60 
431 
844 
59 
253 
256 
960 
468 
737 
56 
897 
745 
406 
310 
272 
43 
887 
752 
822 
722 
143 
871 
541 
118 
142 
571 
166 
717 
546 
768 
133 
244 
960 
409 
338 
753 
971 
99 
90 
896 
668 
742 
949 
485 
906 
359 
833 
274 
972 
449 
343 
929 
693 
958 
428 
812 
118 
585 
523 
218 
731 
541 
872 
333 
687 
923 
872 
66 
465 
328 
392 
897 
155 
85 
883 
942 
552 
995 
544 
998 
511 
583 
227 
958 
661 
210 
11 
377 
239 
596 
372 
472 
976 
330 
502 
247 
504 
678 
453 
166 
814 
430 
754 
925 
647 
327 
242 
907 
856 
35 
78 
625 
168 
48 
283 
650 
793 
196 
706 
366 
113 
582 
211 
791 
308 
183 
765 
803 
548 
456 
385 
796 
587 
125 
816 
861 
72 
715 
402 
678 
889 
990 
321 
681 
784 
518 
845 
581 
249 
947 
609 
683 
683 
599 
830 
223 
77 
610 
159 
241 
58 
892 
340 
133 
376 
526 
899 
168 
462 
346 
571 
285 
980 
68 
379 
351 
839 
745 
155 
63 
821 
192 
265 
119 
69 
245 
87 
784 
587 
517 
394 
385 
523 
319 
822 
858 
100 
672 
769 
664 
488 
322 
325 
265 
712 
638 
802 
866 
220 
23 
980 
911 
484 
817 
432 
820 
33 
666 
740 
761 
471 
968 
632 
947 
231 
995 
936 
153 
864 
300 
179 
819 
998 
829 
769 
122 
998 
763 
592 
884 
456 
962 
223 
911 
542 
640 
87 
512 
972 
85 
311 
412 
385 
25 
248 
758 
413 
879 
312 
938 
635 
72 
98 
690 
713 
131 
909 
400 
701 
435 
500 
411 
715 
714 
318 
349 
324 
405 
191 
116 
697 
271 
991 
495 
704 
610 
65 
236 
478 
315 
487 
639 
334 
814 
172 
453 
529 
731 
50 
74 
14 
807 
189 
40 
340 
741 
600 
786 
646 
782 
614 
832 
422 
303 
196 
275 
133 
874 
125 
683 
401 
888 
294 
646 
440 
582 
803 
172 
213 
517 
329 
393 
385 
726 
77 
555 
779 
53 
701 
981 
115 
677 
214 
52 
3 
269 
550 
215 
399 
362 
451 
292 
407 
797 
931 
856 
458 
286 
301 
31 
941 
849 
480 
110 
285 
968 
27 
20 
657 
737 
317 
200 
132 
82 
830 
751 
169 
106 
669 
589 
951 
313 
747 
70 
519 
250 
127 
669 
148 
840 
732 
29 
299 
472 
73 
942 
211 
6 
351 
691 
774 
658 
280 
209 
584 
219 
749 
258 
360 
828 
537 
99 
564 
663 
933 
451 
474 
768 
283 
453 
293 
779 
375 
359 
277 
369 
274 
884 
914 
470 
345 
871 
265 
758 
486 
514 
152 
778 
173 
789 
351 
693 
506 
954 
503 
509 
913 
449 
416 
950 
790 
80 
238 
336 
422 
261 
971 
372 
549 
127 
939 
154 
985 
58 
211 
760 
895 
585 
307 
534 
589 
680 
94 
573 
456 
402 
592 
105 
271 
969 
824 
172 
711 
693 
46 
206 
585 
399 
422 
858 
497 
134 
853 
314 
231 
26 
331 
461 
603 
702 
10 
32 
397 
387 
183 
579 
403 
123 
142 
941 
343 
731 
890 
123 
640 
869 
110 
709 
720 
21 
541 
977 
781 
874 
17 
365 
492 
511 
986 
439 
3 
811 
781 
439 
981 
718 
615 
439 
660 
301 
258 
897 
377 
647 
912 
570 
0 
225 
773 
630 
971 
494 
650 
964 
131 
515 
510 
187 
926 
299 
944 
885 
317 
895 
859 
387 
173 
832 
33 
657 
905 
159 
299 
548 
606 
445 
591 
57 
119 
110 
244 
447 
626 
308 
474 
128 
410 
497 
741 
284 
70 
829 
844 
695 
138 
905 
813 
668 
21 
314 
251 
282 
883 
586 
186 
862 
708 
972 
810 
672 
317 
79 
914 
266 
725 
69 
383 
23 
10 
764 
838 
393 
517 
892 
270 
686 
355 
66 
466 
771 
21 
564 
421 
209 
171 
46 
326 
807 
885 
965 
87 
352 
586 
491 
272 
423 
756 
738 
617 
816 
691 
459 
256 
641 
769 
865 
680 
377 
758 
570 
667 
575 
886 
102 
640 
574 
479 
667 
920 
208 
711 
280 
46 
808 
446 
905 
526 
413 
655 
698 
360 
452 
813 
768 
708 
852 
12 
316 
167 
672 
133 
345 
751 
424 
78 
336 
180 
362 
281 
385 
656 
120 
516 
357 
256 
297 
785 
618 
443 
660 
111 
615 
898 
185 
32 
73 
393 
547 
716 
629 
238 
716 
167 
590 
383 
591 
206 
793 
880 
868 
952 
335 
317 
759 
842 
292 
693 
154 
787 
198 
48 
516 
722 
343 
234 
818 
140 
263 
840 
869 
267 
307 
802 
732 
611 
474 
482 
43 
631 
354 
61 
164 
395 
159 
639 
269 
451 
764 
668 
259 
772 
949 
388 
262 
305 
323 
702 
460 
458 
265 
64 
962 
496 
976 
414 
792 
819 
670 
225 
605 
159 
20 
146 
403 
652 
231 
152 
723 
782 
342 
206 
36 
125 
374 
536 
873 
429 
347 
47 
537 
440 
673 
106 
363 
986 
146 
264 
440 
206 
816 
580 
867 
584 
908 
200 
279 
826 
200 
941 
889 
258 
715 
970 
990 
60 
787 
587 
253 
340 
95 
188 
16 
607 
117 
798 
535 
3 
682 
952 
605 
20 
824 
770 
815 
376 
493 
463 
267 
85 
914 
585 
925 
521 
152 
729 
168 
627 
698 
430 
699 
504 
135 
685 
177 
544 
198 
227 
638 
794 
32 
720 
454 
877 
344 
812 
360 
225 
134 
814 
684 
965 
492 
682 
225 
890 
584 
194 
394 
472 
892 
441 
738 
832 
850 
972 
845 
737 
556 
274 
224 
287 
835 
981 
4 
225 
758 
977 
575 
34 
78 
773 
164 
602 
791 
856 
340 
437 
58 
718 
109 
77 
585 
555 
290 
988 
281 
423 
923 
668 
263 
842 
846 
394 
13 
25 
46 
808 
188 
330 
763 
922 
622 
269 
578 
660 
636 
524 
215 
682 
205 
524 
224 
984 
800 
428 
971 
547 
820 
518 
323 
256 
430 
556 
911 
11 
444 
780 
452 
738 
24 
191 
852 
227 
254 
638 
414 
171 
889 
358 
24 
57 
778 
14 
35 
875 
763 
814 
326 
71 
747 
146 
806 
644 
371 
135 
60 
178 
289 
350 
638 
959 
90 
671 
235 
732 
278 
319 
705 
536 
614 
821 
338 
51 
185 
993 
615 
957 
736 
950 
594 
567 
926 
138 
674 
418 
900 
556 
323 
456 
900 
477 
333 
248 
20 
138 
231 
437 
117 
233 
258 
449 
381 
633 
186 
526 
418 
375 
811 
805 
416 
567 
640 
795 
108 
664 
546 
921 
874 
514 
430 
851 
676 
780 
40 
979 
412 
753 
320 
558 
621 
99 
730 
439 
260 
772 
994 
99 
820 
248 
319 
597 
539 
719 
95 
427 
167 
297 
43 
633 
813 
802 
805 
820 
675 
49 
343 
825 
836 
164 
446 
759 
684 
350 
783 
635 
293 
540 
649 
67 
161 
108 
611 
804 
808 
718 
679 
351 
325 
327 
407 
330 
276 
932 
31 
36 
71 
485 
139 
363 
130 
578 
178 
153 
91 
58 
163 
763 
790 
961 
199 
244 
23 
89 
472 
498 
433 
133 
344 
208 
927 
610 
653 
156 
329 
975 
620 
617 
161 
159 
867 
927 
871 
228 
83 
370 
514 
934 
926 
617 
799 
852 
389 
359 
879 
970 
997 
119 
820 
324 
971 
316 
204 
946 
110 
87 
2 
260 
12 
437 
825 
320 
743 
223 
370 
833 
353 
955 
744 
98 
670 
819 
570 
820 
122 
357 
321 
933 
827 
403 
954 
674 
367 
444 
974 
5 
881 
395 
296 
138 
112 
46 
831 
319 
600 
90 
445 
674 
877 
900 
391 
544 
309 
363 
926 
962 
230 
397 
524 
802 
680 
687 
251 
592 
732 
345 
939 
638 
918 
256 
19 
986 
446 
446 
602 
685 
277 
359 
878 
287 
470 
950 
717 
437 
531 
536 
586 
934 
242 
854 
90 
811 
287 
137 
863 
741 
267 
985 
693 
331 
717 
375 
643 
203 
9 
619 
844 
121 
926 
768 
726 
231 
645 
295 
875 
356 
102 
994 
79 
647 
613 
554 
201 
597 
221 
290 
214 
578 
27 
14 
641 
213 
551 
54 
215 
214 
486 
999 
451 
204 
12 
116 
13 
90 
840 
809 
833 
211 
872 
224 
669 
270 
959 
304 
394 
907 
604 
443 
463 
582 
300 
830 
850 
51 
539 
966 
449 
467 
191 
1 
672 
614 
542 
267 
267 
242 
889 
882 
215 
394 
928 
12 
820 
762 
128 
360 
861 
426 
331 
562 
739 
722 
535 
747 
735 
21 
809 
312 
95 
665 
435 
489 
339 
278 
604 
989 
520 
780 
855 
820 
764 
402 
975 
277 
35 
644 
825 
426 
378 
485 
146 
145 
210 
294 
107 
595 
831 
477 
338 
194 
642 
841 
387 
7 
939 
924 
830 
810 
3 
899 
195 
142 
41 
139 
491 
3 
788 
620 
217 
190 
840 
282 
338 
822 
244 
81 
88 
352 
795 
641 
109 
246 
546 
978 
214 
619 
314 
994 
629 
626 
757 
276 
292 
120 
31 
380 
503 
774 
285 
257 
937 
20 
801 
961 
202 
987 
713 
891 
943 
281 
404 
609 
954 
466 
534 
621 
708 
301 
654 
797 
488 
933 
486 
82 
762 
169 
299 
845 
112 
471 
775 
75 
240 
804 
627 
771 
650 
702 
224 
93 
599 
22 
783 
422 
18 
920 
71 
105 
125 
13 
40 
288 
208 
523 
702 
811 
846 
227 
304 
128 
968 
876 
169 
923 
78 
806 
343 
368 
138 
561 
658 
7 
144 
503 
951 
759 
684 
39 
590 
255 
882 
163 
672 
361 
899 
325 
885 
983 
710 
909 
621 
226 
30 
534 
189 
905 
867 
346 
557 
351 
131 
755 
327 
817 
130 
564 
274 
174 
952 
551 
793 
919 
858 
144 
102 
248 
683 
329 
482 
840 
757 
815 
641 
782 
34 
126 
521 
380 
648 
121 
764 
657 
709 
76 
119 
889 
502 
29 
242 
624 
598 
320 
120 
504 
790 
26 
769 
126 
528 
824 
983 
947 
8 
226 
717 
74 
565 
162 
823 
501 
692 
577 
582 
397 
958 
380 
354 
690 
899 
402 
461 
15 
479 
738 
981 
906 
180 
866 
930 
43 
176 
3 
842 
130 
953 
404 
481 
558 
214 
219 
557 
444 
663 
611 
977 
324 
48 
891 
87 
402 
890 
939 
660 
819 
226 
565 
55 
814 
158 
169 
34 
990 
221 
352 
252 
469 
239 
62 
453 
563 
421 
242 
852 
639 
922 
872 
38 
366 
458 
129 
416 
770 
202 
345 
918 
220 
784 
393 
757 
172 
780 
653 
342 
528 
495 
961 
140 
68 
210 
128 
577 
593 
403 
702 
875 
545 
756 
150 
509 
554 
676 
214 
635 
561 
27 
770 
973 
40 
408 
414 
472 
715 
332 
256 
241 
928 
212 
749 
708 
358 
371 
515 
76 
255 
455 
742 
532 
176 
381 
759 
181 
864 
807 
634 
545 
263 
717 
583 
607 
210 
666 
884 
624 
204 
960 
361 
234 
871 
62 
699 
122 
723 
689 
45 
367 
870 
