349 
411 
161 
100 
816 
530 
82 
195 
779 
498 
750 
611 
896 
733 
564 
158 
705 
711 
598 
831 
723 
156 
858 
671 
950 
384 
221 
360 
188 
829 
397 
801 
632 
216 
973 
545 
506 
748 
343 
351 
520 
132 
789 
929 
926 
435 
160 
251 
97 
150 
949 
35 
8 
276 
885 
275 
116 
741 
787 
94 
754 
657 
492 
919 
319 
274 
186 
630 
915 
117 
217 
12 
713 
413 
862 
841 
782 
441 
652 
556 
720 
678 
361 
147 
73 
80 
560 
523 
876 
573 
304 
994 
295 
362 
630 
355 
169 
106 
806 
827 
54 
108 
176 
26 
937 
37 
377 
619 
769 
799 
622 
583 
927 
360 
296 
430 
479 
77 
237 
784 
549 
272 
483 
276 
282 
415 
123 
295 
663 
856 
755 
31 
497 
810 
452 
744 
558 
861 
653 
191 
62 
101 
720 
349 
630 
955 
436 
342 
193 
325 
866 
394 
784 
694 
20 
276 
132 
529 
187 
121 
608 
594 
936 
419 
68 
318 
949 
791 
200 
436 
764 
68 
550 
252 
656 
374 
460 
383 
908 
385 
56 
494 
465 
729 
948 
552 
827 
985 
132 
799 
102 
419 
533 
626 
237 
592 
929 
272 
331 
760 
512 
475 
694 
419 
689 
235 
512 
145 
145 
29 
824 
184 
547 
267 
416 
364 
970 
325 
32 
444 
979 
561 
444 
115 
293 
647 
225 
499 
877 
928 
398 
977 
934 
153 
713 
765 
646 
274 
663 
656 
135 
900 
975 
555 
91 
633 
401 
381 
33 
886 
211 
885 
240 
231 
157 
33 
465 
50 
454 
983 
659 
783 
14 
506 
393 
38 
702 
208 
926 
977 
852 
401 
667 
772 
139 
594 
984 
898 
467 
594 
346 
498 
157 
124 
428 
306 
553 
271 
953 
618 
387 
467 
656 
180 
644 
453 
145 
394 
597 
276 
512 
425 
657 
77 
776 
509 
307 
52 
393 
910 
494 
860 
908 
425 
108 
561 
926 
521 
705 
964 
612 
367 
776 
494 
359 
239 
582 
352 
168 
182 
478 
83 
957 
313 
485 
188 
444 
440 
151 
34 
199 
827 
194 
699 
976 
787 
521 
787 
527 
228 
819 
679 
163 
705 
518 
33 
430 
393 
421 
781 
227 
753 
946 
91 
756 
650 
808 
901 
287 
356 
328 
300 
849 
355 
342 
671 
830 
473 
605 
444 
895 
556 
705 
489 
509 
737 
491 
564 
477 
153 
426 
282 
653 
923 
743 
422 
46 
915 
234 
962 
106 
674 
708 
194 
272 
45 
84 
71 
773 
458 
710 
594 
869 
712 
233 
970 
651 
262 
560 
295 
677 
39 
851 
135 
724 
669 
135 
546 
602 
508 
667 
777 
261 
272 
612 
412 
731 
690 
628 
700 
134 
718 
942 
350 
698 
144 
573 
201 
308 
473 
501 
482 
150 
420 
858 
358 
48 
662 
296 
287 
609 
533 
843 
563 
135 
960 
576 
538 
435 
928 
780 
326 
32 
854 
851 
247 
501 
453 
563 
464 
993 
24 
611 
268 
655 
207 
670 
774 
490 
734 
924 
591 
659 
711 
866 
736 
368 
706 
585 
43 
695 
945 
949 
453 
76 
929 
975 
943 
807 
710 
805 
845 
778 
965 
328 
150 
129 
88 
574 
102 
938 
646 
858 
56 
215 
537 
137 
216 
394 
940 
837 
752 
0 
469 
839 
625 
665 
703 
761 
676 
784 
67 
266 
97 
454 
576 
381 
281 
75 
600 
460 
103 
303 
389 
457 
100 
150 
820 
190 
659 
435 
720 
286 
305 
246 
307 
755 
817 
992 
329 
176 
808 
6 
757 
514 
780 
837 
991 
643 
626 
246 
54 
583 
809 
522 
43 
995 
25 
743 
678 
626 
224 
667 
334 
26 
302 
200 
43 
367 
47 
737 
885 
870 
585 
460 
786 
181 
422 
72 
116 
969 
812 
729 
306 
495 
452 
554 
225 
727 
256 
683 
545 
342 
808 
131 
996 
675 
390 
39 
573 
644 
297 
139 
918 
170 
607 
768 
477 
963 
519 
23 
479 
198 
582 
789 
60 
348 
999 
384 
870 
893 
336 
761 
861 
368 
811 
818 
316 
760 
107 
346 
874 
155 
288 
159 
129 
924 
596 
195 
459 
460 
838 
346 
534 
852 
495 
794 
797 
126 
692 
252 
682 
645 
163 
714 
448 
802 
369 
282 
598 
792 
875 
346 
697 
298 
244 
852 
384 
428 
158 
412 
678 
32 
652 
487 
435 
898 
304 
591 
308 
413 
505 
725 
757 
887 
519 
150 
604 
338 
818 
328 
840 
501 
935 
670 
106 
75 
892 
227 
778 
890 
487 
732 
85 
175 
433 
617 
261 
592 
809 
829 
162 
857 
383 
555 
352 
971 
541 
852 
473 
506 
69 
558 
204 
830 
183 
823 
709 
317 
697 
387 
800 
38 
661 
874 
480 
217 
925 
998 
789 
798 
466 
403 
774 
939 
541 
359 
954 
929 
485 
476 
509 
665 
699 
828 
313 
403 
403 
253 
963 
920 
92 
621 
96 
281 
112 
199 
976 
550 
608 
846 
418 
900 
82 
10 
104 
273 
165 
473 
443 
313 
727 
88 
946 
239 
324 
553 
648 
596 
426 
743 
564 
379 
779 
80 
548 
9 
394 
475 
460 
167 
465 
706 
548 
266 
355 
593 
888 
236 
710 
256 
628 
588 
995 
389 
95 
788 
528 
334 
455 
697 
277 
790 
822 
560 
431 
637 
428 
527 
714 
341 
133 
122 
682 
378 
203 
408 
563 
897 
711 
109 
599 
629 
780 
968 
672 
262 
581 
167 
399 
171 
377 
514 
796 
993 
59 
854 
223 
188 
703 
660 
327 
149 
273 
609 
481 
917 
640 
590 
643 
146 
164 
234 
761 
231 
796 
815 
727 
689 
267 
66 
760 
479 
443 
767 
711 
129 
674 
789 
605 
420 
269 
678 
914 
820 
170 
346 
823 
940 
738 
524 
115 
667 
687 
253 
92 
799 
802 
543 
248 
830 
169 
309 
941 
234 
919 
161 
102 
613 
612 
189 
455 
46 
182 
767 
507 
986 
192 
423 
635 
783 
842 
674 
386 
196 
497 
708 
759 
253 
88 
946 
211 
22 
775 
478 
4 
974 
228 
846 
705 
734 
895 
478 
926 
801 
963 
629 
490 
382 
785 
526 
583 
108 
222 
881 
218 
111 
889 
441 
900 
376 
870 
566 
408 
937 
422 
62 
982 
184 
490 
191 
71 
723 
789 
449 
674 
910 
290 
650 
366 
921 
175 
873 
369 
70 
