535 52
44 383
614 765
947 916
55 276
381 516
684 674
706 9
595 290
721 970
43 373
963 364
931 204
225 850
885 979
376 396
8 420
779 622
161 702
514 216
978 896
733 638
546 415
648 117
705 345
63 749
718 2
89 625
206 314
451 67
269 827
463 277
224 219
900 385
921 390
602 876
262 311
490 808
726 114
925 407
459 988
132 154
990 221
779 172
535 207
239 805
10 703
58 234
922 958
620 819
325 198
671 587
509 138
372 211
252 273
618 712
238 751
866 204
972 621
377 484
828 616
265 839
295 323
49 193
258 669
1013 583
867 660
146 352
798 518
563 27
792 158
739 6
909 581
210 857
178 587
317 1007
180 582
822 475
906 871
669 140
517 658
723 360
294 869
713 69
364 252
96 132
410 835
138 295
392 348
129 570
936 446
553 92
5 351
567 911
199 212
27 716
870 750
52 141
595 765
210 959
1018 306
67 404
117 205
700 509
554 829
55 466
251 609
558 256
960 101
143 135
314 170
851 160
920 904
301 492
645 511
427 639
817 495
20 934
700 720
419 230
525 475
696 776
60 230
9 1020
332 152
132 646
323 983
806 219
863 84
711 485
595 115
100 389
610 120
299 286
840 719
517 341
170 189
94 230
420 103
226 752
255 358
374 578
318 156
798 157
240 485
642 836
600 743
201 186
863 500
473 680
195 990
1021 365
155 91
595 575
194 822
303 450
156 677
4 474
834 802
632 50
264 250
886 864
993 63
27 833
564 500
489 759
466 486
101 621
578 696
173 772
494 476
198 651
130 203
101 964
1005 733
1014 245
984 877
86 953
940 113
762 480
613 227
216 55
714 317
676 268
1013 849
16 484
302 215
111 432
418 212
372 399
946 362
645 906
215 731
835 132
844 574
612 433
801 828
488 491
121 140
759 111
990 776
595 268
991 706
700 385
918 48
784 840
410 405
722 626
112 534
758 956
84 346
365 885
151 853
353 272
994 88
383 960
864 978
204 831
660 904
192 555
952 977
371 338
358 70
964 471
604 698
403 688
21 769
549 172
598 902
444 568
991 828
504 831
782 708
639 419
588 831
974 516
784 321
855 119
391 795
590 995
470 993
659 491
738 185
663 313
63 83
881 30
911 362
862 670
46 477
65 635
284 15
127 45
336 982
164 728
754 754
699 200
723 335
691 438
520 330
751 583
413 608
614 301
970 452
971 1017
929 12
628 189
27 755
234 363
714 398
67 444
128 767
644 852
78 311
266 598
641 1017
157 30
601 771
331 548
199 278
541 104
290 145
294 317
900 528
681 590
927 748
10 31
491 654
883 569
965 125
143 582
118 301
613 720
48 944
244 248
199 785
352 489
930 646
807 806
151 464
373 54
188 383
85 680
14 969
225 979
70 369
538 189
670 127
909 718
47 129
966 246
914 295
736 820
941 519
602 68
983 975
122 147
335 208
827 349
153 29
304 223
398 842
412 44
969 297
762 1017
426 705
239 316
1000 975
112 917
470 715
986 429
666 84
577 1001
292 380
326 445
409 631
669 807
449 57
851 395
355 590
388 781
271 627
74 247
579 186
140 25
901 102
455 544
187 8
521 479
388 848
925 798
455 570
581 904
627 409
275 982
999 663
740 246
267 814
493 846
1000 633
871 878
736 302
398 923
310 919
378 699
743 279
473 174
849 30
55 453
439 330
411 414
994 127
660 237
941 129
59 918
763 930
772 475
209 146
374 519
41 752
194 785
8 667
959 857
698 1014
286 113
321 698
528 291
825 164
528 743
294 587
637 33
493 385
508 702
531 882
198 572
610 392
333 618
36 269
452 734
259 738
847 580
412 351
871 214
516 375
957 810
962 570
843 432
955 327
110 462
185 308
10 795
701 344
390 737
613 842
447 872
556 270
429 969
622 276
159 114
652 92
924 590
662 743
1022 593
46 109
31 231
417 41
2 94
385 392
831 998
210 254
847 767
525 252
712 123
528 871
237 156
963 137
747 601
880 745
170 926
854 201
133 248
242 135
342 628
528 150
602 738
404 425
481 929
677 169
28 182
16 265
338 979
402 61
556 258
807 726
160 637
927 293
885 146
429 204
774 957
354 352
671 758
778 129
664 431
298 692
613 315
958 952
270 336
1013 827
595 796
529 755
410 433
25 271
579 454
475 329
387 829
681 34
564 435
163 204
867 462
896 456
777 830
384 23
143 374
850 738
146 356
469 556
789 494
828 344
948 279
673 311
85 330
346 649
766 509
853 609
971 725
41 724
532 426
748 675
800 574
389 946
930 858
479 695
329 283
15 253
562 688
565 647
1019 911
272 761
396 101
346 344
827 387
44 335
813 792
1010 589
343 375
512 249
209 991
945 538
250 960
792 812
625 333
436 620
220 708
357 616
810 703
960 613
66 1005
948 880
773 934
445 92
285 957
342 494
924 263
9 150
199 801
963 824
110 375
420 330
59 777
946 869
456 883
458 523
864 382
379 613
292 824
706 577
758 24
48 658
287 57
809 486
858 748
287 968
99 707
274 158
461 196
4 917
55 462
416 919
845 795
509 113
596 191
691 330
215 739
988 502
796 773
988 630
497 251
574 596
959 848
755 396
20 759
289 76
197 706
995 18
477 480
132 49
671 823
379 886
538 344
364 310
93 329
940 591
580 490
163 515
314 918
911 334
653 177
410 851
883 382
869 336
862 1001
386 510
800 765
372 314
85 737
624 179
42 540
770 622
6 933
114 320
828 1
655 457
178 41
284 37
423 130
374 262
107 760
772 908
501 120
198 587
857 823
766 899
339 512
498 346
421 612
666 225
613 297
683 792
339 967
829 762
73 179
0 181
939 772
65 417
893 263
1004 726
62 746
602 402
234 76
748 655
688 390
881 277
688 540
45 3
483 875
765 557
30 766
738 970
514 803
363 383
42 343
86 105
65 688
507 299
764 231
954 428
621 811
705 285
327 751
288 811
602 30
344 632
796 58
578 286
861 941
670 903
260 756
1008 325
420 491
624 160
722 555
588 320
342 269
605 670
1020 894
457 598
924 801
207 696
859 785
982 696
703 628
575 963
360 560
265 780
27 889
940 750
420 504
46 763
774 651
409 770
521 866
345 421
643 552
93 478
313 52
150 1016
680 725
956 17
261 197
797 289
62 714
15 483
194 61
222 968
712 631
715 210
473 36
631 92
588 725
570 901
777 720
894 433
421 826
450 683
1023 224
972 61
938 987
544 108
24 766
53 736
373 768
946 846
804 554
938 368
255 484
245 8
180 115
441 602
941 892
261 940
92 209
1002 6
172 522
114 196
265 167
932 638
935 855
461 715
385 375
59 640
860 305
648 16
420 65
618 338
957 879
254 25
64 232
31 236
755 146
432 1020
313 341
634 225
172 71
940 557
447 1000
173 283
281 821
299 701
886 918
15 820
773 270
845 838
502 877
50 233
1023 483
229 312
824 864
537 996
935 454
529 358
430 702
641 711
499 941
388 361
835 404
157 584
674 1003
398 152
856 449
386 855
932 615
143 732
455 681
704 367
111 209
725 541
911 343
228 386
260 616
747 71
1020 905
655 670
884 30
823 716
479 185
547 387
800 690
95 232
347 799
599 458
1008 300
999 895
643 203
257 903
820 1004
974 816
885 606
463 745
636 262
437 91
447 984
478 223
651 573
455 998
348 30
433 332
331 408
203 974
612 460
854 408
440 804
200 302
386 663
23 1022
925 461
89 348
421 567
572 48
116 3
23 464
34 456
796 365
864 999
315 452
435 145
860 876
950 37
154 312
700 177
311 602
638 400
950 36
968 498
84 60
502 107
525 536
563 297
901 404
273 192
856 708
338 693
560 264
730 714
576 406
892 887
1008 506
264 935
542 208
409 627
268 911
734 793
423 274
67 300
678 340
493 510
24 831
179 585
71 909
275 647
292 143
511 276
650 775
187 168
983 597
795 227
484 506
1021 908
780 64
184 434
404 677
944 428
484 100
1013 555
1009 265
179 277
408 690
554 34
441 741
203 400
314 998
627 799
480 624
683 236
688 867
670 68
521 591
497 1005
691 486
537 676
751 716
954 136
382 484
170 823
201 373
199 516
348 826
291 828
427 974
41 91
817 711
160 314
278 657
296 969
119 833
622 871
525 552
1007 907
12 153
706 213
527 905
729 875
707 1020
679 110
970 720
202 764
408 362
54 686
1019 350
632 114
159 230
985 684
782 968
567 794
98 249
1007 625
130 713
476 838
709 131
948 656
852 126
396 236
488 450
922 483
801 530
598 960
760 559
621 518
504 164
288 602
414 272
203 544
985 679
358 670
810 283
302 638
409 698
874 898
125 773
357 926
279 955
862 16
491 459
534 995
624 823
573 14
71 776
558 32
431 917
702 217
176 1005
856 585
679 706
459 804
455 817
706 735
748 545
751 215
1004 261
186 604
60 759
618 131
511 153
163 942
46 866
136 222
847 992
807 502
674 243
283 106
36 989
841 784
510 568
1000 491
829 162
71 890
922 690
1021 409
843 161
328 889
3 464
87 850
432 894
328 82
113 611
188 149
577 5
934 63
573 910
554 379
48 626
245 970
292 242
356 111
403 684
1000 406
124 63
232 556
957 561
638 47
148 827
196 725
832 106
789 382
1016 319
761 41
945 1006
1011 213
224 343
324 628
3 300
10 127
363 243
683 297
804 298
344 952
101 540
654 933
647 419
291 639
738 28
680 660
10 668
873 235
1011 174
863 1015
474 873
118 838
92 802
111 896
76 455
825 177
995 455
86 618
874 378
234 588
406 914
224 417
558 74
652 546
248 491
537 722
340 655
536 433
433 647
305 509
78 106
686 50
561 773
668 411
127 902
1000 533
793 200
950 327
274 578
873 522
45 386
221 386
18 757
819 451
381 100
961 459
207 623
509 768
372 154
156 499
32 132
9 825
332 959
129 607
514 1002
105 559
365 326
945 383
60 740
834 441
841 771
900 24
371 386
792 743
540 948
219 572
56 228
374 389
163 503
996 677
481 77
213 846
404 134
205 464
875 16
905 692
787 781
716 134
143 484
878 683
409 73
232 465
301 606
854 464
85 826
118 566
904 331
389 284
465 594
748 316
610 629
1008 374
386 700
508 530
161 362
189 570
435 421
11 736
3 866
177 88
668 295
655 548
626 20
832 67
614 556
384 201
161 368
575 548
45 59
54 206
422 243
776 857
665 787
570 668
629 747
757 274
18 388
822 644
408 631
711 1022
163 71
199 325
440 774
873 485
834 927
691 232
146 443
65 811
206 635
456 836
358 189
86 376
577 908
1020 985
515 708
983 679
779 159
1004 195
933 853
680 743
756 347
975 902
790 17
690 997
652 122
809 1011
311 895
363 888
779 360
849 271
44 808
950 823
967 930
1019 877
759 675
596 491
1023 548
369 789
565 35
762 193
157 547
180 468
418 544
332 174
904 157
445 948
966 371
747 909
277 742
762 12
394 335
503 393
883 872
158 424
908 921
617 41
444 798
510 863
318 842
13 198
1000 458
122 942
829 869
827 82
588 566
94 982
901 597
351 760
445 509
160 329
406 777
371 851
551 881
690 869
699 703
43 675
137 165
593 966
11 397
24 599
963 118
557 840
715 908
576 136
393 736
466 800
489 837
627 17
694 293
886 369
996 930
21 109
71 614
51 82
1011 75
681 950
193 214
766 908
98 318
20 492
30 486
268 520
299 895
537 993
164 399
339 136
305 360
245 377
974 296
459 962
371 117
888 564
331 631
448 430
949 468
922 980
955 166
476 230
37 1013
200 201
388 539
337 694
899 582
47 849
878 506
787 225
623 652
789 955
259 213
361 184
681 259
140 612
425 616
843 462
605 19
663 994
558 1000
664 433
558 711
258 412
193 22
637 817
674 402
748 933
615 85
93 272
344 234
885 769
850 704
207 432
723 870
402 257
846 42
690 380
753 948
792 946
970 405
739 620
807 463
529 398
548 623
670 892
857 531
637 683
211 844
91 934
690 493
167 512
535 857
892 264
782 660
187 728
41 926
325 848
366 854
222 914
453 893
783 286
400 396
970 612
217 37
522 907
531 690
396 42
523 264
307 281
925 494
1010 966
396 311
791 762
141 1013
653 595
882 412
881 259
808 827
871 1
865 369
909 372
35 281
414 559
545 721
840 446
191 826
389 588
113 156
326 255
145 979
850 4
367 707
263 152
511 110
153 352
479 38
724 515
319 114
50 865
836 890
287 3
693 676
591 806
832 918
37 978
873 887
982 217
571 221
369 58
331 522
410 810
561 110
301 880
224 351
721 36
218 1009
40 911
661 631
693 470
525 731
424 375
594 382
592 141
603 961
199 934
459 609
720 1020
719 1022
877 944
349 574
980 567
559 1020
454 197
628 124
667 129
855 67
504 425
449 72
567 28
9 766
962 469
352 658
465 47
656 318
991 1006
893 948
549 428
944 1004
625 548
104 268
678 959
335 158
360 784
231 927
812 240
670 750
709 1022
385 151
45 17
469 13
1023 338
961 549
767 881
529 368
406 633
637 60
568 972
218 928
733 449
832 521
690 478
248 375
476 633
526 521
650 996
534 650
310 471
175 53
329 704
422 735
313 35
795 881
1007 1013
785 716
439 593
214 105
47 462
480 523
71 1007
21 721
979 555
347 265
3 522
319 332
202 741
43 515
776 838
372 759
827 134
452 242
727 666
347 775
104 828
274 175
811 295
896 766
851 220
7 854
742 326
162 945
43 205
436 819
19 809
555 846
943 1007
65 646
649 412
397 753
216 672
928 3
967 800
769 794
1020 777
624 739
79 786
660 123
991 72
942 1010
881 473
833 800
456 898
423 81
286 820
834 503
468 738
506 412
515 252
182 511
5 807
226 84
569 886
207 537
959 126
523 816
599 332
593 32
206 1016
113 493
812 948
996 257
662 478
669 153
730 851
665 735
634 891
820 180
754 3
717 689
129 216
481 729
549 50
761 755
42 874
224 855
798 196
88 437
675 757
590 381
584 231
93 195
99 913
375 853
916 68
518 22
284 999
751 833
26 488
565 68
338 789
923 113
986 1011
550 637
744 116
1018 305
348 87
500 447
1000 875
276 893
943 794
915 203
769 642
13 795
106 578
864 444
343 763
557 305
751 83
942 471
200 937
776 548
0 252
995 1001
103 247
870 22
17 761
226 786
379 239
558 485
817 398
929 136
137 463
442 888
546 360
336 746
273 88
270 274
341 241
251 444
488 97
467 505
858 693
268 213
932 826
698 725
200 603
861 337
42 279
202 589
640 538
311 913
626 582
163 967
823 414
388 288
511 855
793 345
524 37
558 432
863 232
133 39
836 994
377 878
250 579
443 890
93 755
779 719
313 943
663 112
333 27
400 845
882 170
166 382
207 725
814 47
957 947
86 769
917 463
624 143
18 43
9 111
798 789
831 87
708 470
200 17
497 600
862 355
770 5
737 978
730 527
1 663
450 87
409 343
551 9
487 569
52 496
681 851
261 488
938 969
958 114
987 431
715 825
786 461
830 499
415 536
2 416
176 452
504 585
795 31
594 258
600 646
755 257
473 1016
745 388
962 679
502 925
86 193
726 872
655 533
347 46
45 349
463 221
801 967
806 573
998 376
831 574
1023 562
832 472
555 553
860 493
209 339
394 295
532 96
144 163
629 491
210 675
841 673
896 618
616 679
167 590
31 999
140 30
537 972
503 68
502 339
561 711
678 955
1006 187
28 126
350 657
618 560
308 435
209 181
29 825
860 197
391 891
172 532
922 709
480 401
778 982
740 315
669 395
247 652
582 275
778 932
932 372
469 217
807 678
398 837
480 234
10 871
101 182
379 1023
891 860
400 645
818 117
961 464
512 184
92 70
459 870
1002 367
219 447
584 2
102 982
839 582
192 849
429 294
7 809
293 899
645 694
520 439
811 457
903 299
641 995
369 76
842 347
444 37
795 4
39 897
987 879
455 155
704 884
449 712
669 743
587 290
413 83
730 200
541 609
499 158
581 868
235 399
191 679
436 986
683 475
859 646
330 290
802 11
151 227
723 820
970 286
87 359
369 817
559 910
402 34
45 983
902 280
959 794
32 618
246 892
241 576
158 19
587 309
246 286
106 193
572 193
552 942
1010 88
828 388
122 873
348 1
129 706
71 64
477 103
683 723
995 924
275 130
943 863
439 165
125 545
358 698
738 911
616 724
999 420
89 97
270 437
98 399
119 169
464 596
273 123
295 244
23 571
374 966
410 814
107 535
335 466
209 50
353 825
774 328
222 863
425 492
276 524
891 396
693 331
992 966
454 264
187 477
835 561
419 221
351 527
756 687
993 966
737 322
767 487
650 989
327 51
457 603
575 325
999 245
656 968
187 87
208 374
564 19
936 984
240 263
487 996
950 456
938 663
778 682
127 404
647 454
455 81
33 7
406 9
252 38
977 439
125 161
814 690
180 726
650 420
989 113
392 916
569 307
555 323
989 682
727 612
112 158
693 146
165 75
155 417
114 108
857 239
269 647
929 449
349 555
869 314
668 237
206 213
544 762
536 509
420 239
98 533
398 791
679 563
867 834
981 981
942 814
196 187
437 102
636 786
657 481
76 302
718 283
515 239
21 28
748 441
267 846
974 665
614 629
205 457
439 162
414 357
976 610
544 389
712 156
151 346
637 227
648 332
510 139
571 531
167 295
973 435
118 923
76 732
529 281
165 968
443 579
302 395
165 846
784 878
1003 935
200 616
139 848
948 649
987 495
157 131
791 106
566 909
5 642
617 534
924 782
479 343
337 781
739 502
603 499
356 582
411 556
175 550
380 99
175 344
595 332
475 362
438 17
247 444
659 864
978 559
622 433
903 959
190 618
437 794
93 794
352 504
326 527
30 707
627 206
27 198
538 502
560 977
519 807
397 154
647 351
714 245
785 593
180 975
187 617
745 280
387 74
785 714
601 815
397 204
1021 424
402 536
926 962
489 421
745 886
575 368
213 265
613 998
858 793
950 21
387 671
302 774
745 63
464 323
878 861
527 876
261 930
388 163
868 877
584 590
739 136
401 548
927 236
317 853
257 704
500 559
455 222
622 919
545 477
757 48
329 1018
978 717
158 823
570 742
389 285
878 323
213 256
871 116
492 165
969 749
869 446
285 300
668 907
196 189
360 953
237 689
947 192
382 81
1015 952
824 380
213 678
703 427
934 551
543 402
716 489
128 561
935 413
862 579
296 34
768 657
987 1005
322 910
173 705
992 164
633 792
544 847
446 224
250 357
775 793
759 467
258 887
4 169
276 866
748 573
900 492
206 863
474 528
750 647
209 718
812 843
486 332
666 932
556 916
265 307
685 1
774 944
888 779
