535 3124
2092 383
614 1789
2995 2964
3127 1300
2429 516
684 1698
706 3081
1619 3362
2769 4042
2091 1397
963 364
1955 204
2273 3922
885 3027
376 1420
2056 2468
1803 2670
161 702
1538 3288
2002 3968
3805 2686
1570 415
1672 3189
3777 345
3135 1773
1742 2
2137 3697
206 314
3523 1091
3341 3899
2511 1301
2272 219
3972 2433
921 1414
1626 2924
1286 1335
1514 2856
1750 3186
1949 1431
3531 988
3204 1178
990 1245
779 1196
1559 207
2287 805
10 703
2106 2282
922 1982
620 1843
3397 2246
671 587
3581 2186
3444 1235
1276 1297
2666 712
2286 1775
1890 3276
3020 2669
377 484
2876 2664
1289 2887
3367 3395
1073 193
1282 1693
2037 583
3939 2708
1170 3424
798 518
563 2075
1816 3230
2787 6
909 581
3282 3929
3250 3659
317 2031
2228 1606
822 1499
906 1895
1693 2188
3589 3730
2771 3432
2342 3941
2761 3141
364 3324
1120 2180
2458 3907
2186 3367
392 1372
3201 3642
936 3518
1577 3164
1029 2399
567 1935
199 2260
27 3788
1894 2798
3124 141
2643 1789
3282 3007
1018 306
1091 3476
117 3277
2748 509
554 1853
55 1490
1275 1633
558 2304
4032 1125
143 135
3386 170
3923 1184
2968 2952
1325 1516
645 511
427 1663
817 1519
1044 934
700 3792
1443 1254
1549 1499
2744 2824
3132 3302
1033 3068
332 1176
3204 3718
1347 3031
806 219
1887 2132
1735 2533
2643 2163
100 3461
3682 1144
299 286
840 1743
1541 2389
3242 189
1118 2278
3492 2151
1250 3824
3327 358
3446 578
3390 156
798 1181
2288 2533
3714 836
600 3815
201 186
863 500
473 1704
2243 2014
4093 1389
2203 1115
3667 1599
3266 822
1327 2498
1180 677
3076 474
834 3874
1656 3122
2312 1274
3958 2912
993 63
3099 1857
564 3572
3561 2807
1490 3558
101 3693
578 3768
1197 3844
494 2524
2246 1675
3202 1227
2149 4036
1005 3805
3062 3317
984 2925
2134 1977
2988 1137
3834 3552
613 3299
2264 2103
2762 2365
1700 3340
2037 2897
3088 2532
1326 1239
111 432
2466 2260
372 3471
1970 3434
2693 2954
2263 731
835 1156
1868 574
612 2481
3873 2876
488 2539
1145 2188
1783 3183
990 776
1619 2316
2015 1730
2748 385
3990 3120
3856 1864
2458 2453
722 626
3184 1558
1782 956
2132 2394
3437 1909
1175 3925
353 2320
2018 2136
1407 3008
2912 3026
1228 831
660 3976
1216 555
3000 977
2419 1362
3430 3142
1988 2519
604 3770
3475 2736
2069 2817
549 3244
2646 902
1468 568
3039 2876
3576 1855
1806 708
2687 2467
588 3903
3022 3588
784 1345
855 119
391 2843
2638 995
2518 2017
3731 491
738 185
3735 3385
1087 1107
3953 30
3983 3434
1886 1694
46 477
65 635
284 3087
127 1069
336 982
1188 728
3826 3826
1723 2248
1747 1359
2739 2486
1544 2378
1775 2631
3485 1632
2662 3373
970 452
971 1017
929 1036
1652 1213
27 1779
2282 363
2762 3470
1091 2492
3200 2815
644 852
78 3383
3338 1622
1665 1017
157 1054
2649 2819
331 3620
3271 1302
541 104
2338 2193
1318 2365
3972 3600
2729 2638
2975 3820
1034 2079
2539 1678
2931 2617
965 2173
143 2630
3190 301
3685 1744
3120 4016
1268 2296
1223 1809
2400 3561
4002 3718
1831 3878
3223 464
2421 2102
188 3455
85 2728
1038 3017
1249 2003
1094 1393
538 189
1694 127
1933 718
47 3201
3014 1270
914 1319
736 820
941 2567
602 68
3031 3023
2170 3219
2383 2256
1851 3421
1177 3101
1328 2271
398 1866
2460 2092
1993 297
2810 2041
3498 1729
3311 316
3048 4047
1136 3989
2518 1739
4058 1453
666 2132
577 3049
292 2428
2374 1469
1433 3703
3741 1831
1473 2105
3923 3467
2403 2638
1412 1805
271 627
2122 3319
579 3258
3212 3097
901 3174
455 1568
1211 1032
521 1503
3460 2896
2973 798
2503 2618
2629 3976
627 2457
3347 3030
999 663
740 1270
1291 2862
493 1870
2024 3705
871 2926
2784 1326
398 3995
2358 919
1402 1723
3815 279
2521 2222
2897 1054
2103 3525
3511 1354
2459 414
2018 3199
1684 3309
1965 2177
1083 3990
1787 1954
2820 475
3281 3218
374 1543
41 1776
3266 3857
2056 1691
1983 857
2746 4086
286 2161
1345 2746
2576 3363
1849 164
2576 3815
2342 3659
3709 33
1517 2433
508 702
1555 882
2246 1596
2658 1416
1357 618
3108 3341
1476 1758
3331 1762
3919 580
412 2399
3943 2262
2564 2423
1981 810
1986 1594
843 3504
4027 1351
110 1486
2233 2356
3082 795
3773 344
1414 2785
3685 2890
447 2920
556 270
3501 969
2670 3348
3231 1138
1676 1116
1948 3662
2710 2791
3070 2641
46 3181
31 2279
1441 3113
3074 1118
3457 392
3903 3046
3282 254
1871 3839
525 1276
712 3195
528 3943
237 2204
963 2185
1771 3673
880 745
2218 926
3926 2249
3205 1272
1266 2183
2390 628
2576 2198
3674 1762
2452 1449
1505 2977
2725 2217
2076 3254
2064 2313
1362 3027
402 3133
2604 1282
3879 726
2208 3709
2975 1317
885 146
3501 3276
774 1981
1378 352
3743 3830
1802 1153
2712 431
3370 692
3685 1339
3006 952
270 3408
4085 2875
595 3868
3601 2803
3482 2481
25 271
2627 3526
3547 3401
1411 829
3753 1058
564 1459
2211 3276
1891 1486
3968 1480
2825 2878
2432 3095
2191 2422
1874 2786
2194 1380
1493 1580
3861 1518
1852 2392
948 1303
1697 2359
2133 1354
3418 2697
2814 1533
1877 609
3019 1749
2089 1748
532 426
748 2723
2848 2622
1413 946
4002 2906
2527 3767
329 283
2063 1277
1586 3760
3637 3719
1019 2959
2320 3833
396 101
346 3416
1851 2435
1068 2383
2861 1816
1010 1613
343 2423
2560 249
1233 991
4017 1562
1274 1984
2840 2860
1649 2381
2484 2668
1244 708
2405 1640
810 2751
960 2661
1090 2029
948 3952
3845 1958
1469 92
285 4029
342 1518
924 263
3081 2198
2247 1825
963 3896
110 3447
2468 1354
59 777
2994 869
3528 3955
3530 523
1888 382
379 1637
2340 1848
1730 2625
1782 2072
48 2706
2335 3129
809 486
858 1772
287 968
1123 2755
2322 1182
3533 1220
2052 2965
1079 1486
3488 2967
1869 3867
509 113
1620 2239
2739 3402
215 2787
2012 2550
1820 2821
3036 2678
497 3323
3646 1620
1983 1872
2803 1420
3092 759
289 76
2245 3778
3043 18
3549 3552
132 1073
1695 2871
379 1910
1562 2392
364 3382
1117 3401
1964 1615
2628 1514
3235 515
3386 1942
1935 2382
2701 2225
2458 851
1907 1406
869 1360
862 1001
2434 2558
3872 2813
372 1338
1109 737
624 2227
42 2588
3842 2670
6 2981
3186 3392
828 1025
1679 3529
3250 41
284 1061
1447 1154
2422 2310
2155 760
772 1932
3573 1144
3270 587
1881 3895
2814 1923
2387 2560
498 2394
1445 3684
1690 2273
613 3369
1707 3864
3411 1991
829 762
3145 3251
3072 1205
4011 3844
3137 3489
893 2311
4076 2774
2110 2794
602 402
1258 1100
2796 2703
688 390
881 1301
3760 2588
1069 3075
483 1899
3837 3629
1054 2814
738 970
2562 3875
363 3455
2090 343
2134 105
3137 2736
507 299
3836 3303
3002 428
3693 3883
1729 3357
2375 2799
2336 2859
602 2078
2392 1656
796 3130
2626 3358
2909 2989
2718 903
3332 756
1008 2373
3492 1515
2672 3232
722 1579
3660 320
1366 1293
3677 3742
4092 1918
2505 598
3996 801
2255 696
3931 785
4054 2744
3775 2676
3647 3011
3432 560
1289 2828
2075 3961
1964 2798
1444 1528
3118 2811
2822 2699
2457 2818
521 866
3417 421
1667 1576
1117 1502
2361 1076
150 2040
3752 3797
956 3089
261 2245
1821 2337
2110 3786
1039 3555
1218 61
2270 4040
2760 631
2763 3282
1497 2084
3703 3164
3660 725
570 1925
1801 720
3966 1457
421 826
450 683
3071 2272
3020 1085
1962 4059
544 3180
24 2814
3125 2784
3445 1792
1970 846
3876 1578
4010 3440
2303 484
1269 8
1204 1139
1465 1626
1965 1916
2309 940
92 1233
2026 2054
1196 2570
1138 1220
1289 167
4004 638
1959 1879
1485 1739
3457 1399
1083 1664
1884 2353
1672 3088
3492 3137
618 1362
957 2927
2302 1049
64 232
3103 1260
2803 146
2480 4092
313 2389
634 2273
172 2119
4012 3629
3519 1000
1197 1307
3353 2869
299 2749
1910 918
15 2868
3845 2318
3917 3910
2550 2925
1074 1257
3071 3555
1253 3384
1848 1888
1561 2020
4007 1478
1553 3430
2478 2750
641 1735
1523 941
388 3433
1859 404
2205 1608
2722 2027
1422 1176
856 2497
2434 3927
1956 3687
3215 3804
1479 681
1728 1391
2159 3281
725 541
1935 1367
2276 3458
2308 2664
2795 71
3068 905
1679 1694
2932 3102
2871 3788
1503 1209
3619 3459
800 2738
3167 2280
3419 799
3671 1482
4080 300
2023 1919
1667 203
1281 3975
2868 4076
4046 1840
885 1630
3535 3817
636 2310
3509 2139
3519 3032
1502 223
1675 573
2503 998
1372 2078
2481 1356
2379 408
3275 4046
612 460
3926 3480
440 3876
1224 1326
1410 663
1047 2046
2973 461
89 2396
3493 1591
2620 1072
2164 1027
2071 3536
3106 456
796 1389
864 4071
1339 1476
435 1169
860 876
950 2085
2202 2360
2748 3249
311 1626
3710 400
4022 3108
1992 2546
84 60
3574 2155
3597 2584
2611 297
3973 3476
273 1216
856 708
2386 1717
1584 3336
3802 3786
1600 2454
2940 1911
4080 2554
2312 4007
1566 208
2457 1651
268 1935
3806 3865
423 2322
67 300
1702 340
1517 2558
1048 3903
179 2633
3143 3981
2323 647
2340 1167
2559 2324
3722 775
2235 1192
983 597
2843 1251
2532 2554
1021 2956
780 1088
3256 2482
1428 677
944 2476
484 1124
1013 3627
1009 3337
179 3349
408 2738
1578 34
3513 3813
1227 400
314 4070
1651 2847
2528 2672
1707 3308
3760 867
1694 1092
1545 2639
3569 2029
3763 486
1561 676
3823 1740
4026 136
382 1508
170 3895
1225 1397
199 1540
1372 1850
291 3900
427 1998
3113 91
2865 711
1184 314
3350 657
2344 3017
1143 3905
3694 871
1549 3624
1007 1931
1036 1177
1730 2261
2575 1929
3801 3947
3779 4092
3751 110
1994 2768
202 764
3480 1386
1078 2734
2043 3422
1656 3186
3231 1254
4057 684
782 968
2615 1818
2146 249
4079 625
2178 3785
476 1862
3781 131
1972 1680
2900 2174
2444 2284
3560 3522
922 1507
2849 2578
598 1984
3832 559
2669 518
1528 1188
2336 3674
1438 2320
203 3616
2009 679
1382 1694
810 3355
3374 3710
1433 1722
1898 898
1149 2821
2405 3998
1303 3003
1886 1040
3563 459
1558 995
1648 3895
573 3086
2119 776
2606 32
1455 3989
1726 2265
3248 1005
1880 585
2727 3778
1483 3876
2503 3889
3778 3807
2796 1569
751 2263
2028 2309
3258 3676
2108 3831
2666 131
511 1177
163 1966
1070 1890
136 222
2895 2016
807 1526
1698 2291
1307 106
2084 989
3913 784
2558 568
3048 491
2877 2210
71 890
1946 2738
1021 2457
3915 1185
328 889
3075 464
1111 1874
2480 1918
3400 82
113 611
188 2197
1601 5
2982 63
573 1934
554 3451
48 626
245 1994
3364 1266
356 3183
2451 684
4072 1430
1148 1087
3304 3628
3005 2609
3710 3119
3220 3899
1220 725
3904 106
789 382
2040 1343
3833 2089
1969 4078
4083 1237
1248 343
324 3700
1027 300
1034 2175
1387 243
1707 297
2852 1322
3416 1976
1125 540
2702 933
647 3491
1315 2687
738 1052
680 2708
1034 668
3945 2283
1011 174
1887 2039
474 2921
118 1862
3164 1826
2159 1920
3148 1479
3897 177
2019 2503
1110 2666
1898 2426
1258 2636
3478 1938
1248 417
2606 1098
2700 3618
1272 491
1561 1746
3412 1679
3608 2481
3505 1671
305 2557
3150 106
2734 1074
2609 3845
3740 411
2175 902
3048 1557
2841 200
1974 1351
1298 578
873 2570
1069 2434
221 386
18 3829
2867 3523
1405 3172
1985 459
3279 623
1533 1792
372 1178
2204 2547
2080 1156
9 825
1356 1983
2177 2655
2562 3050
1129 3631
1389 1350
4017 1407
1084 2788
834 2489
1865 2819
2948 1048
3443 386
2840 3815
1564 948
2267 3644
2104 2276
374 3461
163 2551
2020 2725
1505 3149
2261 2894
404 2182
205 1488
875 1040
3977 2740
3859 2829
3788 3206
3215 2532
2926 683
3481 1097
232 1489
3373 606
854 3536
3157 2874
2166 566
1928 331
3461 2332
2513 3666
3820 3388
610 3701
2032 374
2434 1724
3580 1554
161 2410
2237 3642
3507 2469
1035 2784
3075 1890
2225 2136
668 295
2703 2596
626 2068
832 3139
1638 556
2432 2249
161 368
2623 2596
2093 2107
54 2254
422 2291
1800 3929
665 2835
2618 3740
629 747
1781 1298
1042 388
3894 1668
2456 631
711 4094
1187 3143
2247 1349
3512 774
3945 1509
2882 3999
3763 3304
2194 1467
3137 2859
206 1659
2504 836
2406 189
2134 3448
577 1932
1020 3033
2563 1732
3031 3751
779 1183
1004 195
1957 853
1704 743
756 1371
4047 2950
2838 3089
1714 3045
652 122
3881 3059
311 1919
2411 888
3851 3432
3921 2319
1068 2856
1974 1847
4039 2978
2043 1901
3831 3747
2644 491
1023 2596
3441 3861
1589 1059
2810 2241
1181 2595
1204 1492
418 3616
2380 174
2952 2205
2493 4020
966 371
1771 909
3349 3814
2810 3084
3466 1359
3575 393
3955 2920
158 1448
3980 2969
3689 1065
1468 798
2558 1887
318 842
2061 3270
3048 458
3194 4014
829 869
827 82
588 3638
3166 4054
901 2645
351 760
1469 509
2208 1353
3478 1801
2419 851
2599 881
2738 2917
1723 703
2091 675
1161 1189
593 1990
2059 1421
2072 2647
963 1142
2605 1864
3787 2956
2624 1160
3465 736
2514 2848
2537 837
3699 1041
1718 2341
3958 3441
3044 1954
21 109
3143 614
2099 1106
2035 75
3753 2998
1217 2262
766 908
1122 3390
2068 492
30 486
3340 2568
1323 2943
3609 3041
1188 3471
2387 136
1329 2408
245 377
3022 2344
1483 962
2419 1141
3960 3636
3403 631
448 430
4021 2516
922 4052
3003 166
2524 230
3109 2037
3272 201
1412 1563
337 2742
3971 582
3119 2897
2926 506
3859 1249
1647 3724
789 955
259 1237
1385 184
3753 2307
140 2660
2473 2664
2891 1486
605 2067
1687 2018
3630 2024
664 3505
2606 3783
2306 1436
193 2070
2685 1841
1698 3474
2796 1957
615 85
2141 272
2392 2282
2933 769
850 1728
2255 1456
3795 3942
3474 3329
1870 42
2738 380
3825 948
1816 4018
3018 405
1763 620
3879 463
2577 398
548 623
670 2940
2905 3603
3709 3755
1235 1868
1115 934
1714 493
167 3584
535 2905
3964 264
3854 1684
187 2776
2089 1950
3397 1872
2414 1878
2270 2962
2501 2941
1807 1310
2448 1420
970 3684
3289 2085
522 907
2579 690
396 3114
3595 264
3379 3353
1949 3566
2034 4038
1420 1335
1815 3834
3213 4085
2701 1619
2930 412
2929 1283
1832 3899
871 1025
1889 1393
1933 372
2083 2329
3486 1583
2593 2769
840 446
2239 2874
389 3660
113 2204
3398 3327
2193 2003
850 1028
2415 3779
2311 152
3583 3182
1177 1376
479 3110
1748 2563
1343 1138
50 3937
3908 890
287 2051
3765 676
1615 3878
2880 918
3109 978
2921 3959
2006 1241
3643 221
1393 3130
3403 2570
410 3882
1585 2158
2349 2928
3296 2399
2769 3108
3290 3057
1064 2959
3733 2679
2741 2518
3597 1755
3496 2423
1618 1406
3664 1165
1627 961
199 934
3531 609
720 1020
2767 3070
3949 1968
1373 2622
980 567
1583 2044
3526 1221
628 2172
3739 129
3927 3139
2552 1449
449 2120
2615 2076
3081 2814
3010 2517
3424 3730
3537 2095
2704 3390
4063 4078
1917 948
549 3500
2992 4076
625 3620
2152 268
3750 1983
3407 2206
3432 3856
231 1951
1836 3312
670 750
1733 4094
385 1175
2093 3089
469 2061
3071 2386
3009 3621
1791 1905
3601 2416
1430 1657
2685 1084
3640 1996
3290 2976
1757 3521
832 3593
2738 1502
248 375
1500 633
1550 3593
3722 2020
1558 2698
310 471
2223 2101
2377 1728
422 3807
3385 3107
795 2929
1007 4085
1809 2764
3511 2641
2262 2153
47 2510
2528 1547
3143 4079
1045 2769
2003 2603
1371 2313
3075 3594
319 1356
1226 741
1067 515
3848 1862
3444 759
1851 1158
3524 1266
3799 1690
3419 3847
104 1852
1298 3247
1835 2343
1920 3838
851 3292
2055 3926
2790 2374
1186 4017
3115 2253
436 2867
19 3881
3627 1870
943 3055
3137 646
649 2460
397 753
216 1696
4000 2051
4039 1824
1793 794
1020 3849
624 3811
2127 1810
3732 1147
4063 72
4014 4082
3953 3545
1857 800
2504 898
1447 3153
3358 1844
3906 3575
3540 3810
1530 3484
1539 3324
182 2559
3077 807
2274 1108
2617 1910
2255 2585
1983 2174
2571 1840
1623 332
2641 32
1230 4088
3185 493
1836 2996
4068 1281
2710 1502
669 153
730 851
2713 3807
1658 891
820 180
2802 3075
2765 689
1153 1240
2529 2777
1573 1074
2809 2803
1066 1898
3296 2903
798 3268
88 3509
675 757
3662 1405
1608 2279
1117 3267
3171 1937
3447 1877
916 2116
2566 2070
3356 999
751 833
2074 3560
3637 3140
1362 2837
1947 2161
2010 2035
1574 2685
2792 1140
4090 305
3420 1111
3572 2495
3048 2923
276 3965
943 2842
1939 203
3841 2690
1037 1819
2154 578
864 3516
3415 2811
1581 1329
751 3155
4014 3543
200 4009
3848 3620
1024 3324
2019 4073
2151 2295
3942 3094
1041 1785
3298 786
379 239
2606 2533
817 3470
1953 136
2185 3535
1466 2936
2594 1384
2384 2794
1297 2136
2318 2322
1365 241
2299 3516
2536 2145
2515 3577
3930 1717
268 213
1956 2874
2746 2773
2248 603
2909 337
42 279
3274 2637
1664 1562
1335 2961
3698 3654
1187 967
3895 3486
388 2336
1535 2903
1817 1369
524 2085
1582 2480
863 232
1157 3111
836 4066
3449 878
250 2627
3515 1914
93 755
779 3791
313 1967
663 112
1357 1051
2448 2893
3954 170
166 382
2255 1749
2862 3119
1981 4019
2134 2817
3989 1487
3696 143
18 3115
2057 111
3870 2837
3903 87
708 470
200 2065
1521 2648
862 1379
2818 1029
1761 978
2778 527
1 663
450 2135
3481 343
3623 3081
487 3641
2100 2544
3753 1875
1285 3560
1962 1993
4030 2162
4059 1455
715 825
2834 3533
1854 499
415 536
1026 416
1200 1476
2552 585
1819 2079
3666 2306
1624 1670
755 1281
3545 2040
745 1412
4034 679
3574 3997
2134 193
726 872
3727 2581
1371 46
3117 2397
463 221
3873 3015
806 1597
998 376
3903 2622
2047 562
3904 1496
2603 553
2908 2541
1233 2387
2442 3367
2580 3168
144 2211
1653 1515
2258 675
3913 2721
896 3690
1640 1703
1191 2638
2079 999
1164 30
1561 972
1527 68
1526 339
2609 2759
2726 955
2030 1211
28 2174
3422 1681
3690 1584
2356 3507
209 3253
3101 1849
860 197
391 2939
1196 1556
2970 2757
2528 401
2826 4054
740 1339
2717 3467
2295 652
582 2323
2826 4004
4004 2420
1493 2265
1831 1702
1422 837
3552 2282
1034 3943
1125 2230
1403 4095
891 3932
400 3717
3890 1141
961 2512
512 3256
3164 1094
1483 1894
1002 1391
219 2495
3656 2050
102 982
2887 3654
3264 3921
3501 294
2055 809
293 2947
645 694
2568 439
1835 3529
2951 2347
2689 2019
3441 76
3914 347
1468 37
2843 1028
2087 2945
2011 879
2503 1179
704 1908
1473 2760
2717 1767
1611 3362
2461 83
3802 200
3613 2657
2547 2206
581 1892
2283 399
2239 3751
436 986
683 2523
3931 2694
3402 2338
3874 11
151 1251
2771 2868
3018 286
2135 1383
369 1841
1583 3982
402 34
2093 983
1926 280
1382 70
4031 1818
1056 618
246 892
3313 3648
3230 3091
3659 3381
246 2334
2154 3265
2620 193
552 2990
2034 2136
2876 2436
2170 873
3420 1
1153 706
71 1088
2525 1127
1707 2771
2019 924
2323 1154
4015 1887
439 165
125 2593
3430 2746
2786 3983
1640 724
2023 420
3161 97
1294 2485
98 2447
3191 169
3536 1620
1297 1147
295 3316
2071 2619
374 1990
410 814
2155 535
3407 1490
3281 2098
1377 825
2822 3400
1246 1887
3497 2540
276 3596
891 3468
3765 331
992 966
1478 1288
187 3549
3907 561
1443 221
1375 3599
756 687
993 4038
2785 2370
767 1511
1674 2013
3399 1075
457 3675
575 1349
3047 245
1680 4040
1211 3159
1232 1398
2612 1043
1960 4056
1264 3335
3559 2020
4022 456
1962 2711
2826 2730
127 404
647 3526
1479 1105
3105 2055
2454 2057
2300 38
2001 3511
3197 3233
814 1714
180 2774
1674 1444
2013 1137
3464 1940
1593 1331
555 323
4061 682
727 612
112 2206
1717 3218
165 75
1179 2465
114 3180
1881 3311
2317 2695
929 2497
1373 2603
3941 3386
3740 3309
1230 1237
544 1786
1560 509
2468 2287
1122 2581
398 2839
1703 563
2915 2882
3029 3029
1966 814
2244 187
3509 3174
2684 786
1681 2529
76 1326
1742 1307
2563 2287
3093 28
2796 1465
2315 3918
4046 2713
2662 1653
3277 1481
439 2210
414 2405
3024 2658
2592 2437
1736 1180
3223 3418
3709 3299
648 1356
510 3211
3643 3603
3239 2343
973 1459
2166 923
76 732
2577 3353
2213 3016
1467 2627
1326 395
1189 3918
2832 2926
1003 1959
2248 616
1163 2896
1972 1673
2011 1519
1181 1155
3863 2154
2614 1933
3077 2690
2665 1558
1948 782
479 3415
3409 1805
3811 502
1627 2547
3428 2630
411 1580
3247 1574
380 1123
3247 2392
2643 332
3547 2410
2486 2065
247 1468
659 2912
3026 2607
3694 3505
1927 3007
1214 1642
3509 2842
93 2842
1376 504
326 527
2078 707
1651 1230
3099 198
1562 2550
2608 4049
519 2855
1421 1178
1671 351
3786 1269
3857 1617
180 975
3259 3689
3817 3352
2435 1098
3857 2762
1625 1839
3469 3276
3069 2472
3474 536
926 1986
489 1445
745 1910
2623 2416
2261 2313
3685 2022
3930 3865
2998 3093
3459 2719
2350 1798
3817 2111
464 1347
3950 3933
527 2924
2309 4002
3460 3235
1892 3949
584 2638
1763 3208
958 4024
1425 548
1951 1260
317 853
257 3776
3572 2607
1479 3294
622 1943
545 477
1781 1072
3401 4090
978 2765
3230 2871
2618 3814
1413 285
2926 2371
213 256
2919 2164
1516 3237
3017 1773
2917 2494
285 300
1692 907
2244 2237
1384 4025
3309 689
4019 192
3454 3153
3063 1976
2872 380
2261 1702
2751 2475
1958 1575
543 3474
716 3561
1152 3633
1959 1437
3934 3651
2344 2082
1792 3729
2011 1005
322 1934
1197 3777
992 164
1657 3864
544 3919
1470 3296
2298 3429
775 2841
2807 1491
2306 3959
1028 169
1300 866
3820 3645
2948 1516
3278 863
2522 3600
2798 3719
3281 3790
3884 843
3558 332
666 932
3628 2964
265 307
1709 3073
1798 4016
2936 2827
89 141
3693 3910
3786 2546
1330 2968
3409 3852
2472 2111
3476 1658
1805 3264
2501 1267
3596 3167
2200 3129
2035 2465
3436 3744
1442 1139
3664 283
3966 3754
424 3563
3568 114
2013 802
3082 1327
559 1458
3438 4035
3116 1148
3203 1521
2415 2703
592 519
1736 2627
2985 1077
2276 331
2216 1844
614 2086
1502 1038
1553 974
1152 3567
1777 138
798 2336
1597 140
2275 617
1288 1382
2139 3704
4085 2731
127 1726
1263 3112
2803 3539
3444 923
1287 4058
3009 2790
1001 466
3764 2153
4033 1445
2292 735
3781 3889
876 1960
410 2164
3342 2549
1772 3332
1185 1900
962 2448
916 3765
1891 264
592 3178
227 3601
1872 1228
4067 1541
3381 4005
2986 1577
644 2672
1370 1520
536 1781
3685 3879
234 1361
3115 1419
3261 4077
3867 82
3746 1662
346 242
745 573
3843 2617
1801 3814
62 1087
3723 3049
2664 272
1625 4035
1792 2161
1720 1381
1944 1954
2743 963
3374 1908
944 3145
1990 594
712 2337
836 1457
2910 583
4074 616
302 41
1703 4025
3090 271
201 619
210 1994
2780 1930
3375 629
3885 2022
1592 3163
3931 2537
2212 1825
3131 2924
66 3968
285 2977
455 264
3593 757
305 1200
687 3395
1471 888
4014 1682
2882 2698
3612 2162
3327 3401
88 824
2468 4019
3361 585
1749 2396
3509 1815
2268 3795
696 2724
4059 193
3481 268
1393 72
3663 2865
961 3581
451 3843
2183 4063
1909 1415
3369 1998
2239 1741
1921 1504
2326 3670
3900 1740
1390 2073
1439 2086
701 1402
2280 86
1670 3673
159 1237
2442 1120
722 2893
867 2905
2861 2777
224 2134
679 2463
3875 2600
3967 2106
2175 3772
3846 3565
1749 1189
1555 2450
2591 3835
2536 165
3413 2695
1402 1759
3815 2124
557 587
933 3418
3364 1158
1456 4043
3621 1235
2547 3493
3341 626
3169 3091
95 822
184 1651
3272 2775
1390 1712
2940 707
312 246
2467 31
2370 3024
618 3304
2346 3982
366 3802
3929 3987
941 2381
3384 187
3007 2457
3278 3103
3279 3463
658 2455
2142 2048
72 987
2756 384
1233 1127
415 3604
55 1034
2812 2401
920 3178
2107 754
3069 3048
3135 2358
3235 2046
719 2418
1053 3999
1785 1711
2358 3927
3760 2430
818 2420
2814 2052
3547 3230
1560 3602
168 276
1907 1088
3454 4014
1842 2427
2966 881
689 2106
2928 1409
428 3981
1312 2213
1597 3670
2044 1261
2005 2863
3681 723
819 3132
3953 2379
2638 25
2655 449
1114 2013
367 2956
344 3333
3838 1034
1343 2670
2443 1771
2555 3755
3984 56
3329 1933
1317 1238
700 902
1962 1519
4034 1819
3898 2576
1845 2457
3025 2959
374 3392
1819 718
2630 1561
1752 3973
135 99
1649 2691
3854 1537
2747 3088
3470 4065
230 74
871 2192
1593 810
4012 1395
3386 1761
3852 2316
624 130
1612 2443
849 146
4005 2601
24 44
2701 1673
2735 2459
3210 1387
1451 2585
1356 1682
2659 2227
3874 157
3037 3790
1552 2328
1455 1309
548 2079
1439 2160
427 2288
2307 336
794 2331
380 3495
4004 3116
1858 3118
407 3310
1607 1763
896 171
3990 674
328 2932
369 1880
1164 1824
3189 1712
3904 533
3872 235
2821 2083
571 3615
318 951
3014 226
4067 777
3345 378
4087 856
2141 887
1027 2036
1561 1355
872 1930
3236 2036
3755 2329
3748 3563
2862 3524
3798 1588
1512 273
1107 1830
1224 26
2057 1196
803 1306
1574 794
2162 3716
1681 3190
1656 3242
449 2528
1077 3685
468 736
1919 120
203 685
3644 4001
2273 1060
178 3381
2891 1402
3407 852
2598 114
2158 77
908 224
3793 2589
3414 1353
1735 3864
3881 2812
3453 253
3548 1276
373 3751
1962 4017
3656 139
982 3834
3520 3873
1141 2831
629 3739
2945 2787
3816 3853
3011 3513
2346 2330
770 4082
2098 555
2798 1455
808 2251
2732 1181
1906 598
1103 1467
737 2085
1205 162
1862 2346
2993 2491
1990 1843
1182 1710
1600 97
1128 3947
2427 1898
3933 429
2454 2635
1885 3262
790 521
348 2697
1119 1451
68 1856
3536 1273
2018 1302
3620 916
3793 1514
2759 879
3224 263
976 256
114 3404
2155 4047
3833 513
2587 1622
3775 3377
2143 27
1978 3262
1478 2046
1023 918
3320 3041
2220 2844
3957 1917
262 2620
2796 3486
2884 3773
3743 2998
3081 1802
2950 2818
2315 1441
345 1994
722 2488
2022 2701
1655 3500
651 2678
323 3971
1623 2543
2719 1485
365 2981
9 3161
2372 2893
2838 2019
1796 1823
3821 650
546 2040
2091 891
4034 2813
3379 1960
1418 938
1365 2070
3616 1688
1945 1144
135 569
2629 500
3550 2638
3662 1826
1436 2404
3845 3232
132 3570
3882 678
1514 1877
1569 1453
594 852
3413 2013
1791 682
4083 1311
2370 1932
2455 2506
2501 988
3006 1956
3627 2572
3782 967
881 3532
103 1013
3006 3985
1691 425
1766 3260
1878 2360
16 1195
277 1807
1878 264
3119 152
2197 1478
2658 602
2467 1569
2558 1998
45 2245
2965 926
1681 3068
1939 591
2957 3630
1016 627
2794 2894
2987 2811
4090 3265
522 1872
3529 3641
2024 1630
1024 587
2233 3491
2156 695
1393 2201
2940 262
3128 525
3330 971
1117 2191
506 2133
2818 3300
932 1709
2015 926
878 2538
2798 312
2083 726
1942 3107
1313 79
2502 3469
775 3895
1575 3715
61 607
145 3391
1578 1262
1486 2084
3395 208
1289 231
1918 3304
1157 2796
1746 3955
3108 3830
586 955
2841 1899
1034 1248
1273 1809
1047 2848
1429 1109
3455 1574
404 937
2836 1891
3022 2135
2099 215
2367 4017
3519 3524
2718 1170
3384 1730
904 3970
2685 3745
1773 3720
897 3046
1433 1945
1798 2862
3054 1157
340 3458
2095 3176
1253 1021
1216 3353
1236 3583
3274 659
3011 1896
1829 2299
3627 2733
2173 2216
2383 3947
1840 3280
2897 3274
1129 600
2040 87
1757 2381
3546 3852
1461 703
777 2677
4056 2013
2164 3235
2673 1080
1035 406
3379 566
3140 1457
2783 1427
1308 527
611 109
3801 1741
709 1746
1828 2467
31 1278
2223 1492
1982 3001
74 1942
918 2238
1081 3591
3318 2117
3998 2602
2683 3042
4059 1370
373 1271
1898 984
1380 1603
2725 2090
3349 458
461 3380
1736 2684
777 3718
1589 851
1565 2508
3089 2646
2003 2312
667 1905
818 3351
851 781
625 1224
2052 2523
2209 3432
31 838
1426 3380
1296 1887
2665 3033
476 3442
2655 2065
197 124
477 3286
2771 2481
1502 3438
290 2320
2693 1142
3101 3319
2366 1057
1746 479
394 1777
1318 1820
1062 2614
3708 3727
1551 88
3073 111
2153 3270
235 2631
2460 3006
1016 3963
2349 1306
2187 946
2448 1193
169 719
2250 1916
1198 2644
3693 2516
369 659
1035 4077
290 2586
69 3363
2697 2222
2537 2933
757 902
1843 1773
769 96
3080 2956
1043 1432
53 1212
2151 2304
3128 3350
852 2726
1770 1221
3385 2805
1202 3676
1296 1271
2943 3993
3494 1385
2830 155
2287 578
1929 3056
674 913
1916 1717
2345 1970
2930 401
178 1962
3751 1030
592 1425
2252 3978
135 3454
3558 1431
630 2405
1328 28
3790 63
183 1981
641 2112
941 1315
3025 2858
3033 1275
732 1867
1676 910
3829 1331
1940 326
2756 96
208 2891
3551 3766
226 85
2075 1555
113 1770
1618 296
3751 2259
2409 597
3574 1338
3455 2511
2613 91
282 193
1001 16
1524 2941
342 185
3038 550
3076 2493
220 3303
2578 2295
762 2691
4065 2380
2987 3721
543 1300
222 21
2639 3677
2533 1156
3768 2815
1350 673
2831 2874
3614 3173
3059 2556
3723 2040
953 3943
1247 3531
2143 2009
2126 2112
293 1018
1737 836
2318 1959
857 861
1540 3390
2018 1212
2110 3368
1885 845
2146 1404
4019 1110
3960 3646
3150 818
3494 301
253 1541
2310 2380
3653 2603
3398 1295
3439 1620
3254 200
2482 699
3591 404
1911 1605
3772 3797
2450 1822
1105 2373
2932 969
1924 1986
1787 1322
2287 2041
2863 501
325 2420
3104 3723
3715 2447
1247 2874
2648 3729
3573 2143
37 1388
3748 3809
1089 2102
1536 2194
380 372
3164 2304
2359 855
3626 550
2896 2393
1052 3221
717 60
2848 337
2508 0
3211 1060
3729 2688
3203 3767
4076 2855
3480 1070
861 920
3264 1241
1293 2332
3545 3652
3188 3075
106 1988
1372 1158
1114 2090
1219 3962
2427 3727
3962 1542
691 3596
134 3894
3267 114
2653 2651
1184 3514
3572 353
660 769
2685 109
325 1777
3185 431
3766 461
1590 784
2551 2809
650 882
2440 517
2424 3131
17 2558
2929 3284
2673 1486
1839 3857
904 1315
114 1564
2084 2800
1674 2409
481 763
2841 151
1224 335
935 3776
3144 1586
562 1488
2103 2987
523 2120
1449 3452
1308 26
842 3147
3884 1746
367 3998
3311 2451
2702 889
765 3184
1652 3606
3335 2876
3941 175
2556 2989
1761 3119
381 3864
2010 904
1888 3459
260 3196
3486 1102
2247 3274
2848 2614
3176 2063
970 1783
2952 1735
871 508
1245 110
3385 1090
285 1845
4079 2046
868 364
1814 2878
1268 3702
2242 1528
2802 1632
2630 954
810 1382
3568 3986
3446 442
1673 2302
2177 2544
2811 3422
2655 2100
416 2940
3945 399
891 718
763 2705
3596 2031
2312 1742
3559 1018
3374 2093
1972 88
3476 1445
4075 2826
1887 1652
1032 4065
101 3843
3391 2756
1847 3808
1600 1697
111 2491
2415 875
1101 1915
2906 3413
3658 2370
335 2936
367 2308
3025 3843
3753 3004
2573 1544
560 3606
1513 661
3353 809
3417 1105
521 922
2802 632
3413 1121
1507 418
3036 318
3831 2598
2688 71
1439 3055
2379 368
2803 2036
3372 1280
3580 3932
790 998
498 48
1807 3915
1153 2328
741 3955
2960 59
980 372
477 4016
690 213
2519 3378
284 3958
2337 2663
230 1044
603 3602
2325 87
3438 3115
1085 3936
3163 2892
3756 220
1124 401
79 4085
460 1059
361 938
980 1051
1151 3499
333 1435
3361 2670
2 3591
3715 605
3097 1944
692 2439
963 1778
2280 31
574 1940
251 1699
2341 331
1688 2802
1390 2049
3740 2370
3100 795
1773 3433
2230 1038
2007 2232
533 1626
2837 3630
3570 3529
1974 438
1211 158
469 1786
2098 720
3485 343
1051 1077
3145 2442
3126 2789
716 2130
3584 2490
1467 1718
3528 3474
3950 4062
1005 2691
3596 479
2125 1474
917 3336
1632 1386
1026 3730
2107 415
4074 3158
1492 3123
1504 522
1817 2221
2652 1305
615 23
3024 47
3498 2878
13 407
1474 3610
886 3599
988 1804
2839 2621
3190 3866
2255 1201
185 2233
264 1678
1261 1768
2200 3078
3989 757
287 508
780 3311
556 182
2094 569
589 3568
83 1476
3071 1072
3280 1814
3693 2374
1584 1852
3576 1770
4086 3840
3448 1251
1512 1552
233 1406
2309 520
1914 3090
3832 2470
3272 1830
3040 3862
1302 3123
1242 277
99 426
2091 3792
2800 3676
1549 2280
1350 1539
2024 702
2790 3537
2254 3023
847 468
3543 2761
3558 3279
1136 2734
1013 80
2500 2315
3203 3742
2592 3303
72 588
2999 2873
168 452
1057 1518
1991 3082
2220 685
2523 378
3708 3370
846 3156
2035 308
2339 3171
3043 3353
3251 1447
1572 2359
1094 69
1566 1166
657 469
4039 825
922 1001
2343 2913
4083 467
3599 2510
845 3211
1784 1692
2271 3819
2000 515
2895 947
3868 2050
2395 1344
313 3489
1413 1879
559 2070
2349 503
2895 3271
1504 1142
2088 1491
1609 1591
4001 2455
707 1689
51 2978
1412 2051
3493 211
2999 3265
2262 1298
514 2575
691 1927
359 1250
3998 2708
1753 2797
1883 3257
3940 3971
652 1453
1467 557
3908 2174
2246 3959
1056 3659
1915 454
3870 818
3719 2036
2116 137
516 2807
2065 875
4057 1967
3583 1715
668 1370
876 512
1245 1529
1966 2712
2086 1778
790 237
1642 1847
3896 3557
2301 3670
279 1924
1611 2395
2062 2127
1106 31
3002 1067
1998 2489
2782 2666
3859 3659
3179 1008
1092 1049
3721 3178
2827 415
3415 373
2262 3215
3930 467
2790 113
2392 305
2508 358
2432 3614
389 1338
586 2387
3827 3368
957 3590
2931 40
502 4023
1089 127
3106 3917
543 2425
194 2805
1545 29
3273 239
142 1569
544 2651
1927 2976
2169 2316
218 2755
607 4045
2028 1564
3539 863
1605 4041
791 2694
73 3897
2515 616
2226 2710
3421 3771
2739 2598
4010 2881
71 458
1436 1998
3434 3606
218 3652
2265 825
3601 197
2390 3044
1061 3995
2990 1852
2593 3063
1653 1013
3679 3879
3723 3004
3555 2366
1507 3469
1151 1578
3928 2588
3577 3266
2098 3795
2823 267
525 2328
465 2915
1277 1526
2814 171
3378 1311
3234 935
2324 2817
718 1951
1725 177
221 3232
3647 1373
715 3479
3961 196
2649 1963
3991 1376
2230 420
3705 2695
3335 886
125 2053
1057 3503
3365 195
342 1593
3012 1061
3545 641
1238 3766
3874 789
1043 493
172 908
689 2822
2871 584
102 1006
1005 3807
3701 244
597 3827
2298 1654
3234 1567
1849 3577
3160 765
542 2609
1407 1780
2280 1185
2570 3323
1678 2742
136 2367
1468 3007
2951 1571
4013 3956
1282 3619
105 1880
3350 2403
3534 2488
3970 1288
1969 3034
2053 2511
1548 3460
196 3828
549 2766
3055 2227
1412 3191
498 2881
2103 3450
356 2020
3310 1638
1543 3415
3518 797
1722 2957
3286 1596
149 1159
535 2202
3671 2083
1567 3867
1815 2116
2537 774
248 3949
3966 746
2734 1973
100 3090
3993 3411
633 1441
2730 55
2238 357
3012 1428
1953 3161
2588 2488
1268 2163
475 2835
1934 2290
855 375
3065 1103
228 2935
1850 2963
812 1950
1957 709
1265 2590
2150 3996
2646 293
257 1562
1721 2210
628 213
603 1896
2376 1078
635 214
3369 1490
589 2338
2594 818
1177 348
3781 1989
2298 1642
2698 3564
137 753
3464 2783
1046 3721
249 2767
1835 877
2981 2438
2773 1261
3517 3408
1476 2790
803 2065
1032 3397
2883 2209
3745 2568
102 1947
115 2800
1415 252
3553 783
3035 503
408 3284
3271 2244
66 2156
586 2839
3417 7
2152 797
2797 2955
2863 3829
2256 1650
1942 1905
123 2044
3852 238
749 1172
490 206
1955 3525
710 2364
2713 3981
512 2779
2041 1098
1523 1362
1106 3675
2160 3903
2534 927
3637 694
2577 1483
2599 2700
3528 2355
2938 181
3527 3428
387 1387
2857 1097
3751 1475
982 167
158 3023
1265 1681
290 2371
1260 2450
2179 3794
3377 1720
392 1858
3203 2991
463 2635
1251 3401
2816 682
2734 3204
2069 1495
205 1724
2970 1188
1891 3129
115 3157
714 405
1432 1975
2855 3611
1673 2136
1235 2066
3995 343
961 362
2978 2212
3763 1699
2895 2401
807 868
3897 1012
2593 2771
2200 388
1804 2316
3545 2519
2721 882
398 1481
397 2071
3617 1633
41 3516
1976 1003
3878 858
3215 3546
2557 2014
1851 3364
2883 1652
281 1380
328 2481
1768 2132
701 1218
555 3423
2100 953
808 2497
3025 329
34 3066
3846 2010
4069 3628
2869 3189
3078 1330
1107 834
599 3990
2486 880
1274 2814
3361 3043
851 4063
165 1406
3390 2265
2360 102
666 1289
431 701
259 181
2711 233
3810 1484
3422 2792
2815 433
3626 3414
328 2017
198 1602
735 3559
549 1586
3526 714
2993 2820
2979 1257
2922 3646
2546 3354
251 2805
3535 2962
3038 3249
351 2364
1946 3166
2798 1476
2484 3126
3493 2682
632 133
2145 1182
1719 1576
1896 616
300 780
1873 3223
330 323
2481 581
3129 1920
3543 2071
1074 3894
340 3020
2964 3138
400 1352
2168 3894
4034 2800
4027 2084
3982 1650
3660 1783
2267 3960
2563 44
3087 2893
368 1472
3474 3497
3393 2921
1472 371
2720 1812
3391 1588
854 3791
2941 3022
3589 2879
1727 3520
867 1613
1075 431
3396 3342
296 1863
3386 3383
660 3754
760 38
3155 57
2960 532
428 1584
2344 3819
3172 3199
3514 2017
2125 3008
801 3852
2432 1668
1370 3507
2100 670
2753 2396
2534 2044
1683 3194
1702 2443
3233 762
2500 2097
1294 2928
3681 3638
2651 2757
2741 2070
679 771
982 1480
527 3414
3148 1897
2826 1152
2568 1483
3548 1006
3527 1136
104 1134
3579 3337
1896 1984
1338 3190
816 923
2732 3468
3681 1378
1442 264
2149 2424
1744 2676
1742 796
478 472
1949 3046
1956 1401
4052 1387
2537 60
2521 2021
3398 321
4005 640
3511 725
1564 2148
97 1149
3526 1539
1413 1579
3963 3157
159 1610
3953 637
2082 1806
3683 4038
3208 3639
1330 1649
3700 3851
3670 3002
77 3579
3642 3588
209 1110
1640 306
2259 1070
1846 3672
2649 1713
2733 2809
3323 2591
3446 1310
301 3034
1252 3509
2577 2582
1063 2181
2338 637
1087 2415
121 634
1907 330
1744 3548
636 4004
522 2482
3580 3172
100 2218
1885 3423
713 1235
637 1014
173 1890
428 2751
376 1491
836 2714
2128 1924
1033 2249
2558 2941
2579 206
2393 3216
114 2915
1602 3695
1991 1702
1817 3876
1030 2530
1016 1667
3544 1189
3557 3972
3940 3934
1367 681
2552 3496
2605 3586
1649 1067
2431 133
1273 728
3349 1388
3643 855
987 1539
2558 2804
1319 3588
1238 2335
1159 686
3525 621
563 3369
459 1930
4050 3011
1330 2559
2501 2980
3626 836
3113 804
1564 2366
2192 1112
3221 3179
2651 1683
1887 3970
1175 3125
2210 2335
3811 1639
2956 278
912 3415
2209 867
2330 3539
3426 736
2423 2957
1572 1440
3761 3137
3806 1857
153 2932
940 2804
519 2827
2678 1695
1856 792
4030 1571
2431 2890
1850 3344
2209 4059
115 443
3502 3541
1179 1830
2402 2752
3270 2067
1793 2981
3924 1946
1817 768
654 2336
3595 3332
4031 1355
29 3965
2927 2460
2759 681
1708 872
644 1823
1316 50
1269 2495
1880 3671
1151 1055
1643 2944
4036 1471
794 1757
2240 1448
4093 1739
685 4029
3095 714
3898 1926
3174 2562
2607 787
3434 3251
2610 654
3301 3879
3150 1086
3455 205
2141 1002
3150 2081
2473 3944
3838 617
1297 3835
2357 1982
3768 1356
2696 3571
3282 1774
2037 1793
2561 1375
948 1076
2030 153
859 1084
1239 218
1289 3380
1220 343
1365 3694
192 1107
215 1489
847 2572
3471 519
3928 2071
4090 3114
3845 2031
811 2311
3407 1759
3387 1341
1913 150
2425 3152
369 3714
2437 1589
4058 3802
1187 154
814 1403
1643 1661
3975 1018
2180 3808
3089 2175
2826 2838
110 3638
1053 3517
1301 344
762 3214
495 3187
2271 864
2806 612
2453 2768
318 3641
2922 1132
948 469
2793 827
1487 878
539 480
3053 3366
3318 3163
2908 276
2585 113
620 3347
3328 1115
2439 1503
1979 1149
2115 337
3917 2433
3978 2743
3566 830
3212 2263
1657 603
3141 2197
1083 2098
1467 305
1166 279
581 3751
392 1202
3002 3720
2317 1345
1127 201
2494 3242
538 2315
1580 420
962 1050
1250 78
3313 2907
681 2359
1008 1764
361 2475
2070 1527
2754 2651
1182 3147
3853 89
2771 2075
1434 3899
2276 3929
3045 2814
2148 529
3234 3111
1579 388
3189 797
3295 3871
3156 208
1539 3517
2683 3609
949 1342
2165 2131
393 1922
2220 3164
3997 3655
2967 2177
3488 1917
895 1540
2446 33
555 4026
421 3745
727 3717
3520 3883
3925 963
3304 2512
477 157
3854 2642
2289 151
468 413
3316 370
4068 2187
2547 3460
8 3443
905 2455
3476 1460
2385 3898
1109 3112
3519 533
2899 3348
1497 2107
1764 1974
2265 1523
520 458
1674 988
871 894
1358 844
3082 3906
208 3090
3253 1113
1449 2633
2574 3834
2435 3683
2850 1858
121 1653
1110 1618
3761 2875
3592 1930
302 16
2388 1976
1004 3259
2871 2363
7 1857
2173 216
851 1330
1329 2301
3963 3903
2039 2303
3491 794
65 3612
2447 1176
1134 2112
4051 630
4042 257
646 2334
2233 1650
1498 1008
4013 1505
2865 2090
1721 3717
3420 3051
1922 3288
2858 3961
1495 2253
659 1560
1769 3107
2736 2903
1123 2691
3533 1070
2948 83
3404 1086
1734 806
2094 1651
2312 864
3742 4033
485 3066
2988 2407
2258 1751
2272 3753
4004 2932
1218 1678
1943 3954
2550 4019
40 1402
6 3445
2488 1740
155 487
3392 2467
1351 3038
2405 1836
2008 1297
147 171
3048 2419
3924 2957
1255 1046
539 3198
905 1024
2169 3455
947 2209
761 954
1558 3250
2694 1714
3737 1990
85 992
932 2490
2828 2941
3788 2975
3112 2740
1298 2940
1601 2554
3987 2140
1656 796
3165 3825
155 16
1939 916
970 3497
70 3665
1115 3807
1559 1201
703 2492
3691 3531
1337 3383
2410 353
2028 3709
3293 3629
2167 3184
1674 3823
3980 743
3553 39
759 1396
956 1730
797 1026
1299 1913
738 2858
3114 1441
1254 2709
877 2591
1997 3287
2944 4025
2900 2142
3558 971
1230 1136
699 1115
1879 156
1154 2639
1552 2110
273 2349
3137 1572
166 3875
334 3280
1220 1589
1894 2097
84 3891
1289 3029
3820 93
1075 3282
1065 2305
323 1764
3420 2202
1920 479
745 3472
2589 1018
1725 1630
2590 1892
1409 2925
1076 2630
418 2970
631 502
2765 1920
3531 2489
2014 510
1676 3079
2816 1999
747 2140
105 2667
2619 851
2043 1113
1869 3768
2743 364
1564 57
3289 2641
2687 3707
1515 3318
113 185
1143 3645
2674 3157
59 254
2140 2875
2253 2887
920 2359
1458 3539
3210 3501
556 983
3173 3300
1347 642
3357 540
3283 1948
151 702
1170 265
887 2313
3910 3562
1374 3969
3816 3514
2749 1974
2305 3669
237 3763
3112 3447
3168 3669
334 2246
2873 1682
2888 2134
2222 2075
4082 2374
2777 1156
2639 3665
3470 2453
3131 748
2326 2851
167 979
729 2472
552 966
2140 3665
317 1212
3238 652
3458 2015
2334 2250
53 460
229 39
2834 3007
1195 1377
2576 569
3830 1611
1318 2061
366 1485
3040 1096
3957 3593
2062 2001
3162 2380
3214 2304
3032 2576
223 1270
731 276
1730 960
315 469
3967 1510
1846 2447
2080 1581
4058 3398
3642 329
787 2586
1425 648
2083 3487
2650 1149
1771 1768
3453 707
248 3676
1977 979
3952 3708
1940 171
81 1811
1682 1927
163 3762
3508 125
3064 3054
454 3851
1545 1879
403 3628
1271 3053
682 3042
725 39
3750 974
3716 1631
1953 3572
1243 3893
3744 1324
1609 1330
3252 1772
996 2664
1897 4060
1623 2352
3815 3168
135 122
2700 1406
3176 3382
353 3901
3422 7
779 3042
1638 2733
2518 2882
2530 2166
110 43
3496 3362
1815 396
1931 3713
360 3554
1969 79
2626 2104
202 1230
3511 3378
517 3864
3183 3939
3871 3963
2885 1413
2600 1307
199 1034
3474 310
1078 2874
3672 2893
3271 1507
2510 3631
965 383
3711 3591
2488 3913
726 1903
3195 1243
1671 2282
1086 1446
2149 3971
2859 653
1182 3059
1688 560
3369 2766
3435 2945
1563 2610
357 4074
2145 1322
361 1760
818 2849
1577 1544
656 676
2787 2327
2959 3873
3773 1012
3748 2537
1666 834
1500 3354
1395 773
2024 734
3718 3587
3344 4075
3565 1393
1302 3927
3154 2120
2680 635
3664 3337
1312 2355
1568 175
2132 1246
1187 1784
3783 2853
2618 1187
2111 4013
1960 39
651 1582
3627 3995
1562 3096
1293 2864
2927 351
888 1512
986 456
753 2298
2811 2321
2473 847
3567 3661
2631 3254
2418 1153
345 434
1071 2305
473 1722
3888 4
1622 1354
3101 2915
122 1932
3266 1010
3444 156
1466 101
2455 181
2423 832
1028 1894
397 3659
1053 2816
716 1398
3250 1787
3704 3723
3510 3496
3728 1036
754 2733
3951 876
569 3121
1886 4014
3277 3352
19 1636
3533 2442
2469 465
241 2866
28 1294
1586 744
2692 740
2532 2300
368 1946
1700 0
2982 2454
2733 2837
3330 3302
1862 1120
3220 1043
376 3240
2680 3909
1586 1053
278 1827
3919 306
3121 1410
1051 1718
2150 3583
4018 2518
1433 1623
2518 319
4077 1155
3156 3312
362 922
336 3582
1965 713
2726 549
526 217
1602 805
2044 1426
1111 1070
2836 2162
2788 890
1649 2710
3409 3082
237 1831
3401 219
2987 2461
3531 3349
3383 3867
2835 1253
484 1466
1802 1011
1683 3405
1816 3727
735 2927
701 3571
994 3489
365 2643
2104 3774
1630 2341
1510 935
2560 401
3397 1995
3750 2684
1767 2489
3937 2251
3955 1644
3262 1542
953 982
1174 1688
3910 1875
1163 808
1269 1528
3451 3373
1207 985
1618 2717
1921 83
3118 1222
2078 2772
3906 3845
1165 3748
2001 1025
1296 1167
2567 2249
2150 3741
3937 1964
1521 1004
2772 2790
2532 2127
2067 3739
3113 3685
2360 938
3768 1382
2160 1751
58 1970
1500 1224
1622 3501
2249 2918
573 720
1071 2723
366 912
591 1887
1916 3363
581 353
1394 2648
4092 411
2237 2357
1349 1910
3739 3509
3661 3798
1384 1065
926 3006
471 3175
1829 1044
3895 2900
3767 165
3813 262
2052 1633
3625 2633
1986 923
1185 1983
1335 3423
244 2684
1237 3983
2098 802
3685 3482
1867 515
2392 2338
3690 125
3382 3490
3026 3053
3655 2743
3315 1612
280 2844
149 2267
3768 1335
154 1007
662 398
3691 1899
285 1693
2701 3971
1079 472
390 3472
2811 4081
3597 2097
3475 2527
1055 3034
1174 274
550 1455
3119 700
3722 2791
2035 3876
3798 2697
178 3393
500 463
991 3201
338 2070
3673 729
1446 2388
714 948
390 93
3475 1445
3127 554
1719 3678
2009 742
282 1635
3533 2317
1415 3235
918 1593
2533 1418
2056 3524
523 2395
1498 100
3124 2945
2489 3838
3893 2879
3931 3272
228 2962
3826 1947
2544 1739
2690 2826
3374 2127
1047 693
1267 1965
2286 3800
3383 247
3228 3906
2642 630
4007 1670
3575 2400
1412 3372
1183 1247
2549 1411
113 2279
3358 2658
4019 1952
1388 3297
4080 2436
3991 1251
305 2181
955 3689
2428 87
3499 974
717 3410
2644 197
1714 4056
3569 2897
1207 2022
212 1321
206 3571
3979 129
1427 1271
3426 1411
3707 3321
2662 4013
1407 3617
3606 3835
3704 3009
714 326
2324 3358
523 4038
3319 4092
2840 430
2019 3052
1751 2225
2527 1634
2354 3955
2906 1684
1270 2517
910 3933
2434 2317
3454 1944
2056 3063
858 2770
3389 3182
2033 3912
3124 1256
3908 1868
1686 1831
825 3438
4056 3352
976 2314
3211 3882
3999 386
2304 813
223 642
3130 3677
2587 1090
2644 3445
3861 1937
2531 1798
1753 1559
3054 1566
3428 644
3397 157
4082 3358
3509 963
1576 2625
749 1479
3011 3053
2292 3234
3696 1326
2815 2187
2417 1364
1536 2182
3301 4067
3980 959
1530 2938
2525 862
3582 1826
1019 3569
1088 433
436 2665
3058 1185
48 1973
143 2341
1111 3839
3667 3926
1930 1988
1194 3466
74 400
3437 4054
1359 871
2896 3884
1734 2383
1614 2753
1856 2703
3186 2292
1272 2148
3477 1320
25 3620
3661 1136
3363 3233
967 1197
1125 2161
567 1200
2561 4004
1158 3920
780 4055
3708 2514
2342 1227
1171 102
3930 262
2394 1106
2410 1775
2426 2436
1300 1992
3572 567
1129 443
1765 2254
2605 2332
3454 1070
2241 517
895 3021
476 507
1439 2818
1734 2610
2920 1568
2872 1218
2674 1187
2993 1005
3623 197
2997 3099
765 30
3543 2530
2284 2052
766 1643
3122 3007
2160 4017
1932 2636
429 3371
1358 2163
1886 182
3732 662
1400 2310
1849 297
3315 1376
495 2216
380 1260
2246 3923
3790 435
1879 460
2078 905
3468 142
827 1304
2778 1256
580 40
3419 2466
222 3055
3128 1622
1270 882
1919 489
2258 2414
2706 2638
3674 856
2465 3368
1291 248
3829 3369
1154 3201
3511 1981
409 2193
3237 989
2233 2560
3455 2455
1520 2488
4077 2790
3370 1901
3279 1532
219 1889
75 3894
2746 2540
3166 4037
2789 2899
3311 3943
2004 2726
1828 2414
824 969
3403 3057
3529 2763
1417 953
1155 1398
3743 429
3299 2927
1961 3519
720 2036
3317 3466
481 2387
3408 3270
1191 2623
3117 3195
1253 849
1513 2077
1818 821
1039 1251
3584 2456
2205 643
3854 1852
1072 3058
683 3033
2481 1404
974 1702
774 1455
4089 86
629 1184
2709 3746
284 3963
499 1797
1944 2317
2618 2983
3568 2106
1343 1677
2749 1102
3530 3821
64 117
2759 2545
1521 3733
151 2296
1092 144
2382 1721
1329 996
1371 1613
863 1870
3410 2807
91 1933
1695 3659
4039 3038
1241 2693
44 675
2418 108
792 1081
2653 2314
718 2804
514 1810
2949 2896
3531 182
3892 806
1795 659
2676 1109
3467 2767
3042 1066
2331 2986
8 3572
1583 53
151 4001
161 943
987 2815
3257 1705
1523 3771
3516 376
2572 2951
558 2368
3758 2353
3028 2338
3463 2399
1010 2409
3465 3341
1299 3473
2817 2882
3526 2968
2788 3688
3911 3775
2407 3073
1384 3930
2748 804
211 1224
3756 769
3593 3418
3123 2525
1660 2490
828 2670
803 197
1915 2103
3670 636
889 3101
3604 3677
2693 3420
3356 1004
2397 645
838 1049
1449 1049
2274 1109
1819 1771
431 846
200 2092
3336 1028
666 43
1225 2582
2146 799
3218 3036
3900 2727
2617 2497
2051 1878
3501 352
2523 244
1401 3972
1293 3675
986 3112
1350 1417
3958 1550
3509 3198
2578 80
3242 3803
2662 1292
507 1784
232 311
415 2850
2809 2466
632 2214
2818 3155
2458 124
3031 3752
3799 4017
2768 1054
1339 2631
2604 752
1733 1087
832 879
794 3494
2172 1301
1183 2404
1613 1598
1158 326
4065 1790
2540 2787
849 903
2911 3881
559 2615
3802 3327
3669 1045
1862 2177
1798 3596
3264 2630
379 4059
2029 2551
1264 3212
860 2877
714 2018
3203 683
3809 1648
3471 562
2551 2286
347 3110
805 54
2341 378
1099 108
2556 2897
3704 1724
1432 4083
1687 3461
2539 2952
2577 3399
1733 3291
1321 841
3975 1034
2489 3350
1597 944
1540 1944
4054 2346
1998 2299
2724 3098
2407 1184
1899 2015
2909 3331
2003 500
2696 446
3452 1177
3845 1090
373 1070
1931 252
2105 324
3602 3702
1268 1046
1550 1226
3392 3549
3525 2021
2551 1837
3205 354
3852 2018
3686 1759
2519 2286
2205 1875
3464 1954
2965 3837
3025 800
4089 1034
1124 3595
640 2392
545 2190
3618 3938
1643 3048
1863 98
789 972
453 545
2991 43
2305 1414
2329 414
3289 1697
2369 2159
1438 1298
2959 1431
2332 4084
930 2972
2380 1476
1066 1903
1318 2710
855 3181
2808 1644
57 3261
2189 3048
3304 398
366 1538
813 3656
3235 3182
1719 578
384 582
2009 2716
570 2940
1592 2951
320 2658
758 1638
1272 1613
723 4081
3257 780
3246 1350
3829 2455
1749 99
3993 2562
3755 3132
1648 1378
3710 2032
1961 1624
652 2531
468 2244
1386 788
806 2144
2426 2079
3757 3149
2064 2918
3929 1214
173 3662
3669 1922
3762 3566
388 3421
2603 2036
704 2217
4068 2665
3841 624
1100 213
2868 2487
1001 3674
535 3427
1657 197
2480 3721
3115 2314
840 3288
1880 413
1114 1546
3980 1502
872 2487
3538 1576
608 3510
145 354
38 1245
567 2906
3732 1569
2485 172
900 46
369 3381
3768 3484
1599 512
2677 3479
925 3791
930 809
1198 1802
3296 640
3378 3905
55 3523
163 93
672 730
3000 309
2299 1389
481 3200
1435 850
2485 1107
238 4084
1619 2915
3467 2545
2611 301
3354 3809
2103 2555
353 1385
2364 408
812 2527
502 1485
3257 3502
1794 1461
795 2275
565 2230
3125 3050
3338 3363
3038 861
2183 2409
3406 698
2711 2665
411 718
1124 764
2104 3488
1173 2916
1919 1675
305 1080
1081 2099
2541 1876
278 3106
10 3403
2060 3348
2671 1002
114 758
3412 3520
1456 2027
2089 1867
2745 3213
2631 753
2605 3804
3670 428
1383 3975
1509 2464
1979 4050
244 2257
3061 255
1565 1025
3603 140
2028 3717
898 1344
3142 2354
3371 1135
125 2020
253 2756
2774 2858
2465 2348
3287 3848
2227 700
2217 110
654 2461
2368 3715
2716 3933
645 2224
4073 2673
1845 875
4017 891
3229 3292
2027 3354
1216 2280
2014 3990
1042 383
2242 233
136 374
933 2353
484 1588
718 2852
1207 3435
2689 1852
1563 2666
429 3408
3541 350
204 2674
3642 2231
1932 763
415 3947
657 1457
234 2900
1691 370
3274 2624
2723 3758
116 3442
2515 1324
2781 1108
3176 248
3775 3606
3656 3220
3956 3860
1799 3503
1995 3731
170 2410
3582 827
3868 3817
3727 1463
91 2905
4087 2815
2568 108
2161 987
1432 846
2095 512
1094 1774
22 654
899 3979
419 2698
3386 2414
2333 3556
729 1820
287 501
1541 4015
1964 1632
2824 1955
351 1296
2063 2512
2283 3495
3358 283
4008 356
2057 4030
1011 2956
3913 1430
1558 3203
3844 3892
2663 477
1616 2951
978 3157
2870 2942
693 1598
802 1045
2895 2865
3557 1082
2265 2820
1365 2177
3176 3423
2111 91
2283 1929
1521 3842
1036 1270
3638 3700
1747 1158
2555 2726
219 1329
1572 912
2927 2374
1957 1726
1144 1419
2809 3409
143 78
1490 3319
3501 3601
3411 1689
1434 836
1435 2471
2106 977
2075 3854
2135 534
2484 2354
1863 4056
3266 694
2335 1128
2421 3479
2547 1134
2792 2690
1212 186
1913 618
3787 1228
2307 1126
2065 3742
3597 75
623 1576
3929 2758
2110 2317
1016 3973
2278 186
571 517
1314 2992
3996 3861
30 2692
2455 1243
2878 273
1861 2569
1501 72
3695 3566
3814 3196
3642 341
676 3475
3099 2786
1697 19
2663 3975
205 3235
396 1520
2131 296
1285 2162
2988 3741
3405 1770
4014 1170
243 1419
1242 3939
890 960
3039 436
1301 3716
3911 304
2406 1512
323 974
1391 528
113 1787
2048 2244
2083 3334
310 975
2979 3715
2745 2897
789 2989
220 2031
2832 1110
2991 1775
1546 196
1395 1362
500 3802
2874 823
680 170
1352 793
1957 3400
3037 4041
2638 3348
920 1521
2967 3666
322 3757
2559 543
1692 1295
1653 588
3070 3200
784 370
466 1285
76 3340
2108 756
3510 3460
1549 1372
2765 490
1317 1307
3838 2237
2829 2710
1807 3151
2371 270
3694 4063
1565 1252
555 540
356 1340
910 822
2625 986
66 637
1742 3577
2 3291
853 2767
3781 2170
4074 3524
311 2807
2138 2119
1863 413
2389 1461
380 3955
2713 936
399 3069
2276 1309
3891 805
2295 3958
1442 4037
3439 1444
3232 196
115 2917
2366 94
2345 2677
2901 387
700 668
800 3090
2130 1181
2949 747
2117 3348
3817 297
561 3612
1102 2856
3474 2544
2797 2817
3989 1933
3013 8
754 1283
102 3100
3961 3004
3487 565
3672 192
3655 1706
1373 2508
2454 3490
1760 2175
3787 2321
1691 793
1081 1070
3337 3878
3887 3230
1715 2805
3239 2470
4088 3341
1474 3953
2249 865
423 1826
1057 4078
3532 2430
2491 1890
1824 155
4065 1515
2477 1661
2308 3558
2731 1550
3341 2522
684 960
1231 3923
3430 1224
3169 808
1081 1322
1674 1504
3148 2731
1487 2585
1066 3978
379 2890
37 349
310 2514
2010 2618
1977 645
72 1222
3167 757
2182 303
584 1517
1527 3753
2325 2608
980 3999
17 32
2635 1504
2617 3701
1386 2997
2495 1423
3346 2805
3938 1260
1328 1819
1905 1400
3041 976
2157 1127
1279 2742
2644 2806
2399 874
1319 3379
777 1336
3412 3412
2840 1933
3017 130
834 1417
1553 84
126 1395
1344 1454
3214 3249
2855 2159
130 916
3287 1409
3658 1835
120 1962
2709 1439
1245 3487
2775 561
2803 1519
2495 1725
1649 3329
3142 3202
3414 3268
502 662
627 3716
3912 3482
1780 4042
302 971
1355 3961
2806 1475
1827 1420
2914 3072
811 1593
3634 3614
3112 2033
1243 665
1266 289
3868 584
3558 274
1247 89
3990 1063
3571 1674
1009 3873
2645 2364
3738 1356
3840 1469
2776 2658
446 3587
156 4080
3105 3268
2017 253
3934 3283
542 3706
3868 4
3980 1019
93 3874
2082 3664
1453 3091
3442 2
1359 3084
1358 1103
458 38
3762 904
3625 3918
888 2635
3090 2905
2888 2928
2092 3430
2538 1864
3435 2422
2883 3528
2201 869
3097 3654
3960 2443
3656 1224
1431 919
2327 1889
957 1993
2793 487
1815 3681
3122 810
2490 1914
3738 487
1248 2181
2351 587
507 1139
20 2708
2008 3117
2266 1873
1464 1827
3097 2895
2746 1328
689 3703
3322 3482
94 1041
3068 3216
1851 1462
1034 1494
1949 2283
3675 205
2870 86
1344 2890
2795 3352
1911 965
1129 3375
2792 130
2175 1442
1459 2864
1050 685
2250 1144
1726 1222
265 3578
2685 1299
976 538
3582 555
743 2357
641 2087
1151 3436
1344 3063
306 2473
2342 3098
2604 421
445 4063
3285 1495
652 1440
2639 2378
2662 2904
1860 1251
108 2836
1790 3690
3391 2533
1951 4033
525 3103
3373 1869
2070 3679
246 316
2682 2850
738 3127
2817 4023
526 3469
1367 3165
1752 4030
1974 3612
1185 2082
2353 2975
1676 1648
1413 3628
1585 1938
2635 863
3807 609
446 4053
925 3128
2808 1663
2159 1529
1591 2685
903 2958
1755 2655
2892 3729
2171 4078
1715 428
2957 3391
2077 274
2923 3662
2212 1462
429 1923
2071 876
1881 2997
4004 593
564 2068
2122 2155
657 3025
1018 2412
1584 3910
2045 3756
3892 3760
88 2754
3056 2165
3028 1883
1732 1145
3346 2161
3068 1321
3037 853
222 2946
1446 787
918 3569
2942 1575
2498 3960
3988 4083
3775 1937
3743 3571
1602 3831
2229 562
1901 1162
2445 3633
2307 1695
1698 1279
3017 640
2133 3239
3586 3579
4026 408
3052 2873
1983 1455
2737 1875
1442 2416
3813 1089
1892 1319
824 25
1881 2725
1187 230
2262 3494
1926 3961
678 847
505 2811
4086 4091
2294 4017
403 1251
2794 2386
2706 1435
166 52
3852 3979
1141 1648
1202 1965
1673 3083
595 2861
3313 2857
2259 1143
2722 2937
1990 3227
1652 1981
3222 3947
1902 3625
1102 600
1916 3808
2035 2082
3860 1791
1965 905
3439 3167
2870 1017
2154 3465
3878 1371
2227 2041
2515 853
883 409
4081 2535
2390 3207
2386 196
2737 3488
796 557
3200 2832
2639 2964
527 508
3869 3967
3675 2644
888 1733
2013 670
3104 144
2711 1523
998 3594
1933 983
2034 227
94 324
424 2831
3813 1220
3388 2917
4052 1931
1786 484
2439 1559
355 2018
107 1243
3751 2121
1913 2760
2265 528
187 3263
27 2120
150 2061
2348 245
2385 2772
3076 2102
3992 2369
924 3949
204 2710
337 2644
173 692
566 281
1935 222
2402 3848
2982 571
280 3169
3835 307
1194 3985
2368 3542
134 658
2218 3211
2760 2114
1484 3684
1967 1688
2298 2304
236 2472
2996 803
2753 835
1025 1059
587 4007
1630 868
3080 1369
1175 178
1259 3544
3720 1393
106 1842
508 2866
3957 1992
2455 1828
3681 657
37 3917
3129 3033
624 1786
3869 1649
2845 360
1560 380
1228 545
1749 2404
723 3008
1852 348
306 1958
2190 814
728 2051
2807 3183
3880 2392
3841 3917
2213 2874
2854 2838
565 2627
391 3410
2988 1952
3790 120
2497 1444
2524 3220
356 280
3568 662
2238 1663
1477 2967
3714 188
2054 3498
2580 1799
3319 697
578 2078
3535 1143
609 3927
457 3597
1783 152
3718 184
1596 2146
3404 1952
2427 2877
2615 569
444 4092
3536 62
184 1495
3561 2764
3294 2784
3461 3872
766 2901
919 1376
2732 1377
877 419
1529 499
603 3125
2646 4007
981 977
2788 3596
1546 3232
3592 987
3295 3776
2482 2760
2444 1680
1448 1810
1457 2215
615 2376
3591 3347
3753 372
3766 1186
872 273
215 3518
184 1197
399 2973
697 1945
2109 194
2932 1308
3970 1318
4068 2319
2999 1421
33 360
3636 648
2736 3131
3995 2394
3503 3665
3580 279
3938 3796
3797 26
897 100
2999 1594
2046 1013
1788 882
2321 1663
2201 2294
3982 1104
3715 4015
1464 3255
567 104
2290 466
2498 1697
35 1983
1977 3973
1683 1678
3999 2580
1779 2903
78 3825
3916 1867
611 2141
3530 2812
339 3416
3916 4054
3335 1284
3213 3902
1389 1407
272 3887
3105 307
1774 986
184 3457
2664 87
1941 347
2990 2020
76 2810
3887 688
856 3321
3500 1195
2641 3321
1154 1880
509 271
1686 1898
1679 1958
1690 688
2265 3464
1674 2449
2826 242
2536 671
590 1431
2691 666
145 2482
1354 1001
1707 759
2197 252
4080 3351
2132 493
3622 3818
2392 1205
1680 4082
1893 3945
3450 3567
2298 2180
3810 739
2852 304
2170 1447
970 2315
3930 2325
3317 1541
3084 1418
1794 3068
673 3926
3561 199
3649 1857
1405 1233
1843 3298
1083 1198
2770 3381
3378 2484
24 2134
2788 2194
3582 3758
414 3416
1987 3731
861 975
1053 2655
4043 1726
2486 3509
1925 2039
1270 3330
3272 3114
2533 259
216 1207
3641 3594
3691 3665
1633 2383
1764 1119
2045 2178
439 4033
1813 1300
912 2866
3956 860
496 2346
273 2421
289 1543
1656 3561
561 93
3821 777
1300 3366
276 895
2935 1909
3278 603
3028 1227
2781 3467
1164 498
671 2077
3364 531
2937 3860
2877 3210
2186 3166
657 3842
2632 1219
3935 2357
1996 1139
1627 2272
2034 466
85 1216
1070 3113
2443 3851
2484 3608
254 3156
1589 3618
3687 430
3383 2469
3640 1473
1539 201
1219 75
1420 1058
2432 3417
2197 4059
1593 135
430 1679
1351 1500
696 3794
1255 3181
3306 1509
2241 799
1032 1832
1229 319
205 773
1792 1745
975 3011
1820 2395
4069 157
1716 2170
120 3310
2305 550
893 3656
2050 1589
3354 3306
674 2565
719 2915
3364 1751
652 498
2070 857
1271 3862
2602 2246
2777 327
546 2750
484 2262
824 604
1476 3129
1155 2369
2689 3205
3959 1948
2415 537
417 3135
3453 3781
790 9
183 2861
866 1455
2627 3469
3701 1309
3796 151
4059 184
2414 788
788 3890
3917 1943
2164 2511
1053 2027
363 3468
2564 780
2507 1921
465 3298
1930 649
2063 2797
2104 594
2170 1709
1903 1870
1861 1867
2054 179
2655 2842
4069 2476
690 2137
891 1743
68 1254
1115 2633
2034 3623
458 2500
2825 2389
3149 792
1090 1157
1386 3260
2866 3290
1034 631
1061 3088
810 3716
1834 784
2096 2524
2921 2988
171 2990
146 1287
1527 2181
814 1985
585 3639
278 3734
335 1368
795 1721
532 3661
915 1566
197 1976
558 1007
1596 2393
1791 3693
821 617
2585 993
3607 2731
2280 1038
816 3094
3023 1401
2637 3302
1039 2972
574 1834
597 1107
1400 1513
2673 1597
3489 3232
2604 990
1529 300
587 2350
917 3172
3343 428
1807 1527
1466 2624
525 393
4025 3162
3695 969
2038 174
2803 2636
1281 107
53 3954
1704 3542
3090 213
436 523
513 1023
2874 1430
99 2121
1858 1907
3649 3324
435 78
3717 364
3241 3317
1333 1183
3491 41
3819 676
148 3872
534 1853
3319 3625
2066 3755
52 2579
683 2926
4009 782
952 1771
2689 505
999 3124
583 620
3489 3824
3937 726
912 3332
767 635
4008 916
412 447
2769 3731
4072 739
3390 28
3318 4073
2955 3231
760 3907
906 3449
316 1905
2478 899
2525 1871
628 2367
2597 1540
1603 3365
2175 1516
185 2587
1963 2954
2222 1939
3693 1517
1967 2915
1494 826
2050 2254
637 2956
1608 953
765 4086
1853 3290
1861 2481
1561 362
4021 3165
3727 2100
585 3912
592 2548
2770 2814
391 2367
235 2358
1186 1730
3185 3236
3984 3822
2096 1496
680 2861
1486 2533
2056 3347
918 3617
3710 843
2686 3341
2943 3271
3158 3535
1723 1832
2254 2114
104 2489
377 1290
123 3562
431 12
3288 2527
1508 3968
1293 2995
2405 3349
2246 3323
2870 1860
70 1461
1106 3014
636 168
2453 2360
2000 611
378 2104
3101 755
3395 3224
221 3826
3236 3510
2257 649
3382 3550
3644 1692
2803 1794
919 1578
3655 990
3039 665
4004 3675
833 2361
1939 2833
2973 2318
842 1978
3073 141
1106 3295
3967 247
2709 2128
896 1995
1583 444
3687 290
2238 511
1868 1797
1501 811
2462 1409
391 3295
3770 2330
2033 2647
552 2875
529 3626
3016 1636
2825 2887
1883 1438
919 2779
3433 2502
3223 3025
2793 1365
3536 565
3163 941
1377 1529
2350 1768
729 2024
2 2762
576 555
1541 1105
85 461
2741 2910
3348 528
252 171
3307 3685
2674 2434
2614 1371
3800 2054
1936 2867
2995 3313
300 1249
985 1029
3274 988
3791 3850
1543 1236
859 1628
1697 3601
442 949
33 694
1121 3341
283 3795
1679 2898
1070 1383
856 3006
154 3852
2224 455
1005 3209
1484 183
101 1180
4033 1644
2416 797
3272 18
302 3714
967 335
312 2088
3676 596
1787 1260
3494 2857
2643 254
1768 2798
10 3992
3253 1016
3105 641
1199 3207
1821 1137
755 142
1934 4028
160 2236
3646 1127
2571 3959
3216 2152
459 907
3412 3953
3765 1959
111 1437
661 122
1333 3914
1138 342
460 2337
3549 2281
3474 209
2423 1312
141 2583
3548 3787
3711 2024
3650 2831
80 13
3738 3492
3966 3407
1355 4078
748 2017
104 2081
1835 1242
2424 2295
3579 1877
481 2958
2086 2904
174 2227
1392 3723
1919 1007
1651 1473
3838 1731
1487 3480
1127 1357
2792 2482
1339 3540
403 1443
1526 2239
2685 3950
438 2169
1731 919
1031 3818
3824 1205
1949 1120
832 3868
2127 2483
1246 1869
118 2733
1253 1245
4090 4045
3728 1334
3490 35
2777 920
2274 1367
774 2713
3536 2505
3632 471
2227 3360
1676 81
384 2509
3949 2511
896 1099
284 1015
3832 1538
2260 3827
1487 1892
1065 881
1928 3842
1801 106
1113 2575
2819 553
985 2356
1024 3212
1620 2701
3293 2005
1114 3147
420 2010
150 705
3025 3983
2243 1190
3714 3730
3082 683
516 914
429 2317
1021 1543
797 3840
2096 1782
2100 3121
898 3721
1726 96
1630 2840
3243 2050
754 3393
2755 3780
3280 902
874 2898
537 3956
3581 1053
775 4011
3370 1796
1458 71
1540 3554
1853 3641
2579 2752
3266 209
2848 800
3049 1995
2850 3804
1292 1510
3488 477
2412 266
3375 2949
126 2861
4002 901
2776 3277
2697 138
3348 142
3692 1106
3783 2176
3858 2953
2385 2610
3753 1339
509 2507
1047 1801
4017 439
2278 2334
705 1558
1187 831
323 1094
1733 3099
275 334
3237 3623
476 2833
633 163
913 395
3116 3299
3005 2773
542 3514
1185 1589
1220 1106
2028 3498
3440 2733
960 532
3564 1283
1626 1201
286 1901
1536 3523
1428 2012
2261 2062
2176 3174
2457 1196
2377 1367
3970 2919
785 1059
412 2005
2165 2440
1408 1510
1077 2368
2042 546
3652 3668
1747 3938
1473 3283
3366 2901
1200 1531
867 3376
609 3325
476 2987
596 350
1810 1381
1409 2223
3387 3575
567 699
989 1645
3067 3031
2191 2623
2603 3938
2466 4076
3126 1736
2881 230
3267 3749
3606 3876
2978 4082
2767 3574
337 482
859 1746
2705 150
1225 3272
849 2214
821 3917
1149 3012
2444 3752
2855 814
3732 1885
2550 2518
2115 1721
2171 1625
1502 1053
1611 173
531 1948
655 1390
3695 3360
1541 824
2537 2390
3039 3358
2211 92
2275 560
3845 1034
1374 3481
2919 3925
1903 938
1550 4074
2563 3052
1031 78
3226 1562
2027 3881
2953 1626
3146 398
2450 1587
2788 1393
849 904
1486 3124
1464 1235
62 2838
620 2981
2667 2524
3919 122
2502 2386
3174 3534
2465 2304
1000 396
2090 3953
2022 1140
255 376
2727 3044
1770 3576
3948 3256
2605 1316
395 2667
58 1015
1553 2726
3539 1376
2848 1946
3763 1926
1384 2132
135 2384
2528 2225
2242 454
3365 2497
830 1996
1445 2600
1476 1297
1760 4081
2613 2155
2653 2672
3171 110
1302 2614
1486 54
464 1153
1980 1848
3285 2115
137 1717
244 2379
2171 3609
780 3002
1509 2226
1506 2986
3523 3267
2971 2041
1326 1528
617 401
1638 1919
3016 3125
1973 3480
182 3953
1233 3468
1973 1370
1089 2217
3749 3261
1731 433
2167 3240
2659 3673
2130 2087
2844 1006
32 75
2534 649
476 77
2568 3492
3202 445
2877 3384
302 14
2756 2275
1384 3846
397 1037
3011 2128
1470 1082
1272 34
659 3403
2121 3504
313 2153
3579 2847
2802 4055
2924 1274
3452 2030
1719 2233
1319 2021
2247 4075
201 3631
3825 598
572 2740
2726 2042
3822 3998
2076 386
3305 101
3890 3618
2254 3373
2370 960
3332 1198
2234 2688
3229 3953
825 452
1879 3072
431 2080
2607 161
2678 3179
2901 1308
1126 2628
1210 3202
3014 420
3304 2808
4038 1462
2085 2312
2423 1321
3511 561
4010 2644
419 739
3096 2298
3812 3527
282 2323
3688 2960
1407 2494
172 2533
1026 1382
1639 4040
1802 847
2752 1745
2310 741
4057 637
2062 3472
1198 1976
2020 1617
2716 1020
3915 2432
452 101
659 44
3061 2066
2538 3233
503 3564
520 2143
3508 2322
2990 2164
4067 1204
2905 4029
1841 872
3405 3040
2848 1330
561 1468
2350 381
3900 2802
482 464
2847 3544
2530 1289
2681 3034
758 3201
1081 170
1428 4071
2335 1399
1180 1144
1332 3021
2016 642
1965 769
1972 2527
2237 226
2908 2042
3029 3390
2506 1780
2838 940
3069 1424
3974 3827
529 959
3998 1957
935 2237
3357 2115
3381 593
1040 1302
1235 3006
2071 3207
1437 212
3434 249
2254 2367
3639 664
51 2382
1605 3120
3806 1483
2852 239
2443 2754
2197 3378
895 1458
1397 180
2051 2437
1482 3287
1347 3553
2398 2784
3766 1736
3033 1924
7 2577
2589 58
863 98
3179 573
1581 1935
812 4024
593 3009
3306 1488
371 607
1668 2423
3045 3151
1614 296
2608 4012
3081 2278
1653 2018
107 1660
499 2696
1719 1362
2794 802
1935 279
2737 2748
208 3330
1661 3514
722 2033
26 2390
360 3071
1445 1974
3367 4054
1890 2352
2236 3543
275 2343
1108 774
943 2827
2137 3737
3629 4072
4017 2270
2724 129
1504 290
3643 2226
2323 3669
520 2683
2644 1966
561 1916
1924 2451
172 64
1899 447
2408 3007
1222 3351
1738 3359
2993 1271
3335 2914
3541 1964
3043 949
2254 2590
3175 481
2164 3695
3164 712
1565 3725
2628 3489
2080 2801
3554 3979
3248 1866
2890 374
1121 532
3733 18
1803 2973
2932 1248
841 1879
2197 3095
374 1276
3576 2538
876 2644
3250 2441
2273 1783
1835 257
488 1293
141 3736
3159 3031
15 184
3564 3748
203 1271
2625 3135
2520 3466
919 621
2465 1293
1898 1945
3831 2774
493 2985
1119 2766
672 2954
3024 1160
151 3165
801 3310
2100 816
3495 1568
468 3698
2840 3094
2737 1264
2464 3656
1885 834
853 3783
2779 588
2461 3273
3574 3581
1943 150
2439 871
1311 2591
4036 2112
1805 2041
2928 1204
3609 3396
806 2353
2394 3544
3617 763
3104 1407
1597 3958
1094 280
450 3556
3553 4024
3041 1401
79 1384
2272 1390
3975 2213
3502 1685
158 2334
2889 3767
1634 3696
2025 4029
3144 1546
696 2152
2953 2293
2014 4048
2573 2465
3508 2031
2393 2453
3432 2472
3837 1608
3862 3717
3821 3268
1306 3979
1506 99
3651 3141
3795 1580
3074 2843
3126 3770
900 1984
1967 2914
1936 444
1283 1348
2475 3677
3801 1811
2053 3542
3420 1820
3163 3145
992 373
3029 2499
473 2584
1544 172
68 522
3016 3194
196 3916
1082 2163
2734 3018
2607 4018
270 987
3599 4071
2798 1556
3518 2122
3376 2585
1172 273
2959 105
2772 3432
2689 220
3604 2757
742 2524
1855 938
2344 2938
3101 983
1860 1612
905 2131
2599 408
2106 1302
1964 1528
3424 1245
18 500
1518 2977
605 194
2313 3294
414 1821
1955 1156
250 3811
2094 2594
2653 1099
3577 417
2711 386
2548 1215
794 559
2517 2759
2087 1845
4004 2105
2346 1426
986 2951
1620 3299
2150 2034
1025 9
3190 1275
3820 1188
3869 2377
2287 3351
2795 902
3737 1247
2117 436
1806 538
3195 3894
2384 3103
1903 634
433 2890
3585 2053
2093 1639
4087 3118
1649 3181
297 1373
273 71
3751 2560
3422 2450
3462 3063
3697 1484
3499 1408
2022 2598
1206 310
1605 3109
944 2038
1903 434
4091 3997
2073 4082
3019 3722
3167 3317
1000 3440
3388 655
1904 2714
3105 1271
1681 2706
2755 1085
18 681
3683 1224
992 1193
238 1936
3231 2141
2370 3227
2042 348
3213 966
4070 2285
187 974
1629 3575
1629 3534
2193 638
709 3874
3345 3464
863 3363
49 451
492 1041
1644 730
2978 779
2871 1252
4006 818
1600 3124
1784 1575
1313 1971
2549 2942
1450 83
2380 3643
721 3089
3421 4066
2457 189
3334 2507
640 3826
3548 2284
460 2430
3063 3331
3683 2974
53 1187
2002 1837
2762 3315
3808 1216
2161 1162
1299 446
709 2020
3535 35
1991 1897
224 1229
308 864
959 3856
3148 1419
2191 2115
654 1778
993 708
2965 2995
2545 1632
2214 2258
2848 280
3420 51
726 34
2071 165
69 4062
2062 293
1195 2370
1157 2154
2131 209
3573 226
2324 132
2004 3318
840 873
2217 3385
2505 336
1547 1257
616 872
1308 1342
906 3380
1507 975
3346 3570
1268 446
1844 2425
2600 3975
2634 2078
105 862
2210 2109
84 3050
2983 2302
2339 1392
2638 3887
2650 3254
663 3958
500 1569
3242 2007
2544 2493
1481 3812
2939 3326
2141 1443
3205 679
3521 3311
1541 1635
1324 1626
589 211
3928 2929
1604 2470
2720 158
1628 3383
20 2128
856 3263
39 3400
1660 1521
3116 503
751 1161
1946 3956
1840 1372
3171 3381
3007 400
911 3597
611 743
2430 2215
3213 1054
2373 745
341 2394
2873 1197
1561 2913
501 3221
338 3617
3724 1089
682 1574
949 2522
2946 25
1807 1858
425 2719
1359 1036
3462 3789
3252 2580
747 1529
3325 1088
3923 2103
2285 1388
920 2786
513 1258
2307 141
2347 2989
1716 3296
1415 566
3321 3222
2424 3746
1845 3783
687 1212
3476 3939
3792 127
1372 3021
1215 1200
1028 3500
2588 1948
2190 3102
3206 401
3243 1457
3390 863
658 709
1430 3979
3932 3854
3630 1681
3542 221
2893 2922
64 2589
3050 1436
1515 169
2636 2543
3670 1129
396 1764
135 3602
2166 3378
964 1460
146 1622
2170 1576
1505 2006
1334 1039
3687 780
1260 2485
3703 1324
978 2657
2761 2493
2826 1301
941 2400
2430 1337
69 2565
843 2235
1848 1807
3695 1994
3429 1769
3570 839
3775 808
1878 3367
1589 3139
1756 1196
367 2734
3853 3128
1132 2583
334 2073
888 2764
3410 957
1234 157
3192 3082
1965 2791
980 1298
465 454
2137 144
1262 4016
3511 2851
3059 1171
4047 3426
3906 3804
2459 942
2292 2793
3015 3180
1461 2329
41 2695
2486 3233
1681 355
1928 2661
1654 2393
3115 3791
2538 282
3711 1953
3133 2674
3125 3085
2005 2935
2793 368
3877 989
3161 2796
73 526
1029 114
3222 3515
3347 807
3871 1180
3469 1429
3573 2488
1124 2015
2770 740
3969 1808
3414 2998
797 1323
1837 3590
1691 1618
484 756
318 557
1283 1347
672 409
766 4019
1216 541
1103 589
1970 581
3078 3095
2596 1752
3835 2469
3560 3153
1371 261
381 3208
3852 2072
730 240
2829 1048
797 16
2395 1469
425 3162
1393 1641
3703 2496
2231 1578
3077 1213
577 1578
2965 316
4047 2430
3469 1323
2691 3850
435 2447
1827 1166
2687 560
2214 3485
576 514
858 1001
3676 2251
2642 3283
652 777
765 3729
1990 1342
1211 860
1658 1163
3290 1032
2486 1885
786 2921
237 2613
4087 2924
3173 2206
2313 3749
2720 3172
654 2300
1327 3297
1487 1979
4074 2253
1613 1969
3595 2824
2829 1158
3987 2023
2190 2377
3908 2976
1203 49
1494 1194
2974 571
3400 1191
225 2024
267 879
228 1595
80 1716
3574 59
3969 1091
2028 3468
3916 761
530 3807
2784 2720
2089 2596
1601 3292
2646 3095
390 1524
3666 3791
2715 3891
1719 2983
675 1948
482 755
3664 4056
814 3537
1052 2842
2909 872
3603 3440
583 2291
2064 2672
792 3665
1868 3438
2664 2259
866 2235
1954 3581
2030 3673
2468 2705
1525 2950
3461 1093
2911 179
534 3963
3022 3444
739 2529
2788 1322
725 756
3995 1517
326 1767
859 2990
4026 1725
1129 1884
1210 3160
1462 3679
1769 2987
2533 1134
4081 1348
1314 519
1215 240
3963 1954
2769 2655
3277 3494
3412 3176
915 3738
847 1774
2632 778
3499 3762
2662 614
2826 28
197 499
3016 2730
1634 3001
4079 2948
3520 1198
3188 3388
3153 1861
1947 2334
1260 1263
1414 2175
905 2261
3950 3538
3039 3353
3204 1606
3967 1934
1634 68
2433 554
2799 4067
3555 2782
2919 2980
3980 2011
2272 3037
3873 123
1275 1037
1387 2689
3212 2292
855 3066
1734 3894
2324 842
1404 2195
2776 3039
2264 1114
3593 967
1085 3053
3749 4005
1937 3633
1920 113
2575 1697
236 3850
2734 1623
2444 1851
3916 3299
821 1554
3097 3145
2397 406
1245 1077
3445 3509
2191 2942
380 3277
1899 33
3186 3836
3666 1010
3949 2145
2708 90
1900 1346
1713 248
3197 1533
3547 4019
3088 2548
3068 1389
2954 217
2466 2303
3726 562
1150 10
3839 3049
43 2929
2790 3710
3939 2643
1759 2551
2733 3659
3898 351
3907 2999
1884 3358
2922 876
1811 1895
2265 669
2112 636
2973 1743
1198 27
1753 941
3076 1797
3870 1770
1411 3713
318 3170
2169 3051
2734 1971
3402 2545
874 1191
1808 3797
2067 3619
1596 237
192 3708
873 3165
1355 2071
3192 3109
3012 2173
810 2786
3943 2221
2403 165
1295 476
3217 4029
2447 2523
2479 3322
3714 191
3023 1686
3810 523
1923 4002
135 2796
3072 1491
771 2168
504 3783
245 1314
2473 93
3535 780
258 734
1257 3475
668 3704
1903 3147
2930 1521
3338 1857
3207 3052
2380 1034
2958 2516
3830 1934
4007 505
7 415
192 252
1729 2665
345 1168
3446 604
1902 607
4079 2570
215 1886
1621 3146
3408 863
907 2519
3915 3288
3554 2778
1708 3288
616 1619
3794 623
2034 3986
876 3763
2556 1221
835 1906
1825 2737
2513 1809
1212 2728
3695 2833
1778 3007
3697 2686
1431 3516
1878 889
2198 3586
81 2815
1109 3875
3438 3143
3766 218
2810 2226
1440 3645
36 3265
2286 2549
978 3498
1181 578
2236 2960
3585 1837
1550 920
1257 3428
1809 3456
2918 1891
2175 4027
1670 1517
3074 1340
1736 1788
3566 3176
1337 3602
2345 3623
2055 3324
3026 3237
3902 1166
2101 3391
3003 3651
216 164
2983 2025
3620 1805
3916 1699
1736 1491
3217 714
2831 857
2502 2302
4033 3839
1808 2282
3366 3864
1510 2296
3005 1316
3462 1010
612 2369
565 828
2534 3548
2853 2058
1257 2674
3758 2993
69 2879
3707 2900
3736 2113
1106 3673
1856 2915
1859 1126
2683 3370
3423 1592
590 2789
2602 1202
1063 3167
2030 3597
2619 788
1559 3876
3462 1221
2773 3531
4 2384
2335 3740
401 3442
3317 2257
2261 1081
3383 848
355 2710
2440 945
1404 946
2148 2467
17 82
1968 2636
870 3527
2416 236
653 1093
3767 657
3477 2007
302 3878
1353 3619
2039 3614
604 1326
366 959
4037 2806
1905 1345
3752 4053
3812 3769
39 1684
2309 910
1115 629
1146 1768
1722 818
2426 1103
2825 2728
885 82
2251 2924
3696 2856
154 4062
3815 95
2772 1624
1440 2428
1581 1156
2101 1621
2840 314
2531 3956
943 3677
1628 2665
399 4054
3768 3224
2686 557
3306 842
3481 2906
3698 3635
2872 3417
3731 1548
946 1075
3976 2527
2232 1981
52 976
2295 2583
836 3238
2165 2465
1807 2564
2423 1479
1693 1014
2036 903
1856 1421
3810 1458
961 2586
779 596
39 1725
1671 4015
157 3903
1901 209
784 100
2793 1620
3339 862
4085 1050
3426 2413
2530 1023
3427 470
1927 1187
1892 1641
2645 2853
131 3424
3449 170
1054 1024
90 1211
832 1991
1420 1616
2091 117
3236 1334
979 3226
2385 310
1543 819
1333 874
1289 3260
2061 3181
805 610
1938 937
4034 1291
1107 992
2316 1197
2203 3148
3188 3624
668 1184
3741 3904
2518 625
3034 807
935 481
1626 2268
1355 2916
1433 3416
2001 2238
4026 3940
3175 3965
1135 187
861 3451
1384 3065
2503 477
2593 3171
1661 2238
2980 83
2863 1918
891 3798
2400 2517
1971 3755
1337 3404
3076 3339
1546 3006
3183 626
2875 222
813 3737
3674 2197
2706 2081
2674 1203
1157 239
3441 41
323 2209
1959 1214
1911 263
3731 3882
4019 973
3190 2999
216 641
1909 3399
1267 689
3621 2080
330 3199
181 3036
1185 2856
143 2342
3095 3584
2383 3418
1697 246
536 3609
510 172
3395 433
1145 2490
3432 1361
3131 1245
664 302
1934 189
2382 2264
3389 2563
1204 478
1323 1347
2820 323
836 1107
3741 2533
1353 182
2046 1863
354 1346
2296 1499
3836 1632
2860 2871
2878 3524
3173 716
3713 1459
2981 3006
4022 89
3484 1250
1437 2208
1573 2273
3315 1218
710 573
1400 2757
2436 1754
7 637
3253 3843
2269 2017
2618 1051
1445 1695
1768 1063
3154 653
4069 3080
742 3458
234 2179
1570 1807
356 790
3026 1067
1363 330
3824 3799
2085 3831
340 1242
3578 2610
3260 2100
3661 609
3795 1333
1672 2853
1986 1646
1837 2729
1008 2072
812 2578
3879 1169
3368 2809
2236 635
3140 1964
339 1129
1699 679
2371 1181
3289 1535
3281 2855
2145 2980
92 3817
1737 2079
1367 3574
712 2375
1550 1524
858 1334
2693 130
47 833
766 3187
2797 1105
220 400
1784 2592
1581 978
31 766
3833 2176
3746 3925
1898 1387
1908 3265
866 2620
1545 2416
49 2403
3750 2742
2533 3798
3576 3299
2889 2277
308 3110
2678 2093
1606 163
3071 1637
930 2808
3814 580
2637 1616
1968 450
785 2834
3070 2330
1154 3119
637 809
1766 3171
511 1246
2374 3400
3523 2683
2414 2105
680 4020
2269 3751
1562 3199
2463 1280
3779 1004
2896 1651
1454 3681
389 429
1916 1544
3548 2553
2353 1218
1628 2864
2464 4003
2168 1892
2590 487
3997 3270
411 2170
2925 1973
1273 1292
3253 957
2296 2053
2608 3751
1639 2998
84 3555
446 3632
2012 2799
755 3641
1567 3219
3548 3735
1015 2042
126 917
1216 538
3087 45
2511 265
1337 1669
1222 3633
3722 3830
3288 1265
2732 3372
724 3178
2909 2737
1881 3664
2282 3448
2787 1734
3088 3803
3776 3214
624 896
3752 3711
941 2168
3976 2278
3837 1102
1815 3463
837 1008
633 3569
284 1357
2652 3193
4094 437
2761 2280
3886 1453
4014 2878
1160 3694
1996 1784
494 1653
1399 1435
3821 1280
3713 3562
2382 1433
2929 3219
2441 3562
2693 2725
824 1249
1823 822
1686 488
3103 1476
1941 3021
258 3101
2620 2255
789 3114
3908 2189
454 3633
3469 71
3099 1755
1504 1932
879 3945
1399 3572
2575 2223
725 302
3045 2411
790 2052
3888 2732
978 50
1737 3598
2305 2527
2616 2117
620 3070
1654 4089
3142 657
1748 550
2590 2627
400 3989
2103 2975
2116 2828
3277 1065
1144 4067
3118 936
2703 0
986 345
3598 3292
2872 2118
1313 3492
1093 2968
3485 139
3625 1137
689 2119
3765 1089
2012 1772
4064 32
505 3245
1098 1649
3217 120
2585 1824
120 3571
2169 3718
2767 945
1740 4081
341 2833
2953 3826
2972 2482
868 3662
506 537
655 2518
2309 624
2551 2814
3869 3649
367 2990
3769 2952
719 3889
2428 2888
3511 1099
3834 1155
1084 79
3989 4037
3906 2865
2424 678
2431 2930
1215 3087
1352 3524
3711 3903
2243 3484
3456 2610
2379 3129
1467 3098
2922 3895
1890 2337
898 1628
3493 1983
1708 3386
1924 1518
2155 252
2196 491
3182 3411
3578 439
2839 3193
246 986
2581 3703
3597 864
2736 968
3962 1563
767 1757
3900 1665
3385 3297
3648 997
2587 1477
2515 647
1729 615
1138 816
4026 620
1255 2770
3813 1501
3756 2298
1108 3257
3163 3845
129 3029
1312 896
690 1116
2562 4076
318 2114
977 2905
3591 3493
3552 1225
12 594
2041 4039
1214 3296
2713 931
701 2373
3230 1810
1535 2297
1559 1664
1230 2871
2561 1921
3987 1027
3141 2878
3115 2637
2275 2571
3862 2288
3166 1807
2231 284
1007 848
1216 1708
3221 350
3518 660
2647 981
2325 3877
3852 790
1702 3744
1817 3603
3953 862
2386 2972
3499 565
1448 3265
2853 518
976 988
802 1983
1836 2018
3692 962
2368 3114
1622 919
0 3947
701 3852
641 2403
3500 2458
1911 3358
3321 201
2234 2724
766 3682
1894 3620
104 2870
512 907
758 2349
2925 354
3311 1198
3468 837
2117 3468
689 2818
3225 1330
1126 2629
3789 3037
1891 3014
3238 30
1642 4004
3712 3536
3528 3817
2311 4041
628 3069
2294 3553
3423 1509
655 2795
2346 2773
2168 3035
1495 1297
270 2621
3926 4059
1562 1722
2977 704
1752 523
613 1368
4060 45
1089 2275
4086 1717
1248 2284
1175 575
3793 1830
3370 2044
507 1442
983 2003
2739 1253
528 2570
1216 2091
196 97
2795 1948
621 3408
3316 585
3454 310
2860 3444
2027 12
1633 3202
587 1330
937 3957
3374 1444
1304 262
3447 4043
1515 3976
2517 2732
1971 2713
2829 670
565 3450
4079 3882
4035 3437
96 2799
2785 2123
2811 322
1230 3398
1653 2167
3260 931
3611 468
1193 2963
415 2709
2843 2933
1345 718
1550 78
1388 2116
3529 1371
1902 3468
712 1998
2172 3498
25 887
3820 1255
190 1377
3422 3450
2309 2938
3918 3502
1805 237
2115 552
3170 3460
1270 625
3539 2658
2741 2972
4030 547
2344 646
2545 420
48 2570
1308 3869
3826 1498
1150 3152
852 3459
1994 674
2866 3799
911 885
255 4082
250 1525
611 3789
88 3352
2665 22
3899 913
668 2348
1334 717
822 2642
490 552
44 1640
3705 896
1004 1603
1570 3870
1307 2481
659 1562
2467 909
3088 3078
602 3176
2334 3267
3198 2137
85 3866
389 1419
487 1212
4061 977
1764 9
2618 1373
905 3622
2977 2475
3396 188
860 4055
1750 3328
869 742
2310 1471
3918 549
643 3020
2686 728
2791 3076
2147 3278
192 2112
160 1956
2121 2778
3330 3026
2304 2211
1405 1604
2399 2265
1563 53
1497 2432
796 3808
3904 618
261 451
3639 2947
1179 2334
1927 3326
1516 2119
1342 1676
4076 3463
358 3310
2393 2662
1425 3798
170 3824
1967 1734
3877 3465
70 577
3177 3974
1196 3438
329 739
2289 1508
3073 121
738 493
2240 2080
2170 2220
1447 2528
1434 3840
1095 2859
3542 1265
2587 1414
2999 2369
783 3070
2946 3960
2948 46
3302 3278
785 1495
690 3858
1616 1429
256 3857
3509 2426
1981 861
858 3416
605 1953
2179 52
3219 671
1466 2122
3040 2249
1096 1890
2113 4045
1937 1319
3227 2722
2814 3917
2485 335
1250 2741
96 664
1071 2077
1525 1929
1397 2130
3883 3577
2182 3006
152 3648
1032 3192
1801 2129
986 3914
2078 2923
1137 1209
1550 3952
1030 4035
191 2281
2680 287
2945 3751
2364 374
1584 3762
2504 1371
3243 591
281 3395
143 1314
2491 1945
3443 3477
1763 1425
2305 2901
2634 3855
2757 3664
3794 2948
1849 2378
3235 698
2033 1503
1072 3617
1169 3577
893 316
72 1174
3711 215
2488 2106
2160 1835
1488 3924
3260 3793
2729 1798
3552 1390
1367 3250
242 3216
1532 3477
3915 3565
884 891
3086 2054
372 3979
2370 444
1058 1986
660 3546
4092 2820
1286 1484
2648 450
1181 1281
2249 637
2671 3616
3887 2913
2736 1323
2294 2555
792 3179
3447 3879
1137 3819
3762 3507
168 724
1397 828
175 1394
3648 1461
2878 2201
1911 4060
3482 64
601 2058
3680 393
875 2321
1716 3170
780 2509
2253 131
2292 3390
3951 1958
2801 23
2683 103
851 2858
1497 403
223 279
2604 2134
243 1991
2199 845
4049 1783
1238 828
8 2954
3998 789
1367 2155
920 3659
1449 775
1522 155
798 109
258 1649
2967 1755
2053 3190
2034 561
1228 2278
2552 3427
3123 2505
1115 265
3334 1123
3219 3236
1912 491
1296 2833
54 2745
3608 1576
2900 311
1685 3158
1960 556
817 4013
3746 2852
479 879
1034 3031
210 61
1441 1325
326 679
2449 3545
3915 265
4036 1115
3098 4091
3861 2611
1571 2665
2922 3257
1728 786
3813 2545
704 3464
1301 1183
247 2335
118 457
2396 1559
1783 2722
2238 136
2172 2058
401 2112
3173 3500
2107 2938
2015 3679
1508 841
2840 3236
1627 2557
1685 2331
1925 2987
3514 2172
1226 3633
2630 3623
1096 317
2249 3335
453 325
1297 854
2438 374
258 449
3313 2273
32 725
3114 2872
3961 646
1334 1550
2977 3259
441 2396
1336 1668
1933 3966
1195 3029
187 3444
2268 640
3770 3565
1494 2112
3940 1753
2561 3157
4026 2594
3882 3045
1370 3747
3691 2704
1201 2572
1868 1643
872 3204
3311 2805
3074 410
1739 3261
3854 4007
3901 3528
3477 1299
1544 3321
3052 10
2382 2983
2604 2168
1932 3974
1819 1527
2583 3020
3 355
567 876
3559 3878
3681 2537
192 1324
