23 52
44 383
102 253
435 404
55 276
381 4
172 162
194 9
83 290
209 458
43 373
451 364
419 204
225 338
373 467
376 396
8 420
267 110
161 190
2 216
466 384
221 126
34 415
136 117
193 345
63 237
206 2
89 113
206 314
451 67
269 315
463 277
224 219
388 385
409 390
90 364
262 311
490 296
214 114
413 407
459 476
132 154
478 221
267 172
23 207
239 293
10 191
58 234
410 446
108 307
325 198
159 75
509 138
372 211
252 273
106 200
238 239
354 204
460 109
377 484
316 104
265 327
295 323
49 193
258 157
501 71
355 148
146 352
286 6
51 27
280 158
227 6
397 69
210 345
178 75
317 495
180 70
310 475
394 359
157 140
5 146
211 360
294 357
201 69
364 252
96 132
410 323
138 295
392 348
129 58
424 446
41 92
5 351
55 399
199 212
27 204
358 238
52 141
83 253
210 447
506 306
67 404
117 205
188 509
42 317
55 466
251 97
46 256
448 101
143 135
314 170
339 160
408 392
301 492
133 511
427 127
305 495
20 422
188 208
419 230
13 475
184 264
60 230
9 508
332 152
132 134
323 471
294 219
351 84
199 485
83 115
100 389
98 120
299 286
328 207
5 341
170 189
94 230
420 103
226 240
255 358
374 66
318 156
286 157
240 485
130 324
88 231
201 186
351 500
473 168
195 478
509 365
155 91
83 63
194 310
303 450
156 165
4 474
322 290
120 50
264 250
374 352
481 63
27 321
52 500
489 247
466 486
101 109
66 184
173 260
494 476
198 139
130 203
101 452
493 221
502 245
472 365
86 441
428 113
250 480
101 227
216 55
202 317
164 268
501 337
16 484
302 215
111 432
418 212
372 399
434 362
133 394
215 219
323 132
332 62
100 433
289 316
488 491
121 140
247 111
478 264
83 268
479 194
188 385
406 48
272 328
410 405
210 114
112 22
246 444
84 346
365 373
151 341
353 272
482 88
383 448
352 466
204 319
148 392
192 43
440 465
371 338
358 70
452 471
92 186
403 176
21 257
37 172
86 390
444 56
479 316
504 319
270 196
127 419
76 319
462 4
272 321
343 119
391 283
78 483
470 481
147 491
226 185
151 313
63 83
369 30
399 362
350 158
46 477
65 123
284 15
127 45
336 470
164 216
242 242
187 200
211 335
179 438
8 330
239 71
413 96
102 301
458 452
459 505
417 12
116 189
27 243
234 363
202 398
67 444
128 255
132 340
78 311
266 86
129 505
157 30
89 259
331 36
199 278
29 104
290 145
294 317
388 16
169 78
415 236
10 31
491 142
371 57
453 125
143 70
118 301
101 208
48 432
244 248
199 273
352 489
418 134
295 294
151 464
373 54
188 383
85 168
14 457
225 467
70 369
26 189
158 127
397 206
47 129
454 246
402 295
224 308
429 7
90 68
471 463
122 147
335 208
315 349
153 29
304 223
398 330
412 44
457 297
250 505
426 193
239 316
488 463
112 405
470 203
474 429
154 84
65 489
292 380
326 445
409 119
157 295
449 57
339 395
355 78
388 269
271 115
74 247
67 186
140 25
389 102
455 32
187 8
9 479
388 336
413 286
455 58
69 392
115 409
275 470
487 151
228 246
267 302
493 334
488 121
359 366
224 302
398 411
310 407
378 187
231 279
473 174
337 30
55 453
439 330
411 414
482 127
148 237
429 129
59 406
251 418
260 475
209 146
374 7
41 240
194 273
8 155
447 345
186 502
286 113
321 186
16 291
313 164
16 231
294 75
125 33
493 385
508 190
19 370
198 60
98 392
333 106
36 269
452 222
259 226
335 68
412 351
359 214
4 375
445 298
450 58
331 432
443 327
110 462
185 308
10 283
189 344
390 225
101 330
447 360
44 270
429 457
110 276
159 114
140 92
412 78
150 231
510 81
46 109
31 231
417 41
2 94
385 392
319 486
210 254
335 255
13 252
200 123
16 359
237 156
451 137
235 89
368 233
170 414
342 201
133 248
242 135
342 116
16 150
90 226
404 425
481 417
165 169
28 182
16 265
338 467
402 61
44 258
295 214
160 125
415 293
373 146
429 204
262 445
354 352
159 246
266 129
152 431
298 180
101 315
446 440
270 336
501 315
83 284
17 243
410 433
25 271
67 454
475 329
387 317
169 34
52 435
163 204
355 462
384 456
265 318
384 23
143 374
338 226
146 356
469 44
277 494
316 344
436 279
161 311
85 330
346 137
254 509
341 97
459 213
41 212
20 426
236 163
288 62
389 434
418 346
479 183
329 283
15 253
50 176
53 135
507 399
272 249
396 101
346 344
315 387
44 335
301 280
498 77
343 375
0 249
209 479
433 26
250 448
280 300
113 333
436 108
220 196
357 104
298 191
66 493
436 368
261 422
445 92
285 445
342 494
412 263
9 150
199 289
451 312
110 375
420 330
59 265
434 357
456 371
458 11
352 382
379 101
292 312
194 65
246 24
48 146
287 57
297 486
346 236
287 456
99 195
274 158
461 196
4 405
55 462
416 407
333 283
509 113
84 191
179 330
215 227
476 502
284 261
476 118
497 251
62 84
447 336
243 396
20 247
289 76
197 194
483 18
477 480
132 49
159 311
379 374
26 344
364 310
93 329
428 79
68 490
163 3
314 406
399 334
141 177
410 339
371 382
357 336
350 489
386 510
288 253
372 314
85 225
112 179
42 28
258 110
6 421
114 320
316 1
143 457
178 41
284 37
423 130
374 262
107 248
260 396
501 120
198 75
345 311
254 387
339 0
498 346
421 100
154 225
101 297
171 280
339 455
317 250
73 179
0 181
427 260
65 417
381 263
492 214
62 234
90 402
234 76
236 143
176 390
369 277
176 28
45 3
483 363
253 45
30 254
226 458
2 291
363 383
42 343
86 105
65 176
507 299
252 231
442 428
109 299
193 285
327 239
288 299
90 30
344 120
284 58
66 286
349 429
158 391
260 244
496 325
420 491
112 160
210 43
76 320
342 269
93 158
508 382
457 86
412 289
207 184
347 273
470 184
191 116
63 451
360 48
265 268
27 377
428 238
420 504
46 251
262 139
409 258
9 354
345 421
131 40
93 478
313 52
150 504
168 213
444 17
261 197
285 289
62 202
15 483
194 61
222 456
200 119
203 210
473 36
119 92
76 213
58 389
265 208
382 433
421 314
450 171
511 224
460 61
426 475
32 108
24 254
53 224
373 256
434 334
292 42
426 368
255 484
245 8
180 115
441 90
429 380
261 428
92 209
490 6
172 10
114 196
265 167
420 126
423 343
461 203
385 375
59 128
348 305
136 16
420 65
106 338
445 367
254 25
64 232
31 236
243 146
432 508
313 341
122 225
172 71
428 45
447 488
173 283
281 309
299 189
374 406
15 308
261 270
333 326
502 365
50 233
511 483
229 312
312 352
25 484
423 454
17 358
430 190
129 199
499 429
388 361
323 404
157 72
162 491
398 152
344 449
386 343
143 220
455 169
192 367
111 209
213 29
399 343
228 386
260 104
235 71
508 393
143 158
372 30
311 204
479 185
35 387
288 178
95 232
347 287
87 458
496 300
487 383
131 203
257 391
308 492
462 304
373 94
463 233
124 262
437 91
447 472
478 223
139 61
455 486
348 30
433 332
331 408
203 462
100 460
342 408
440 292
200 302
386 151
23 510
413 461
89 348
421 55
60 48
116 3
23 464
34 456
284 365
352 487
315 452
435 145
348 364
438 37
154 312
188 177
311 90
126 400
438 36
456 498
84 60
502 107
13 24
51 297
389 404
273 192
344 196
338 181
48 264
218 202
64 406
380 375
496 506
264 423
30 208
409 115
268 399
222 281
423 274
67 300
166 340
493 510
24 319
179 73
71 397
275 135
292 143
511 276
138 263
187 168
471 85
283 227
484 506
509 396
268 64
184 434
404 165
432 428
484 100
501 43
497 265
179 277
408 178
42 34
441 229
203 400
314 486
115 287
480 112
171 236
176 355
158 68
9 79
497 493
179 486
25 164
239 204
442 136
382 484
170 311
201 373
199 4
348 314
291 316
427 462
41 91
305 199
160 314
278 145
296 457
119 321
110 359
13 40
495 395
12 153
194 213
15 393
217 363
195 508
167 110
458 208
202 252
408 362
54 174
507 350
120 114
159 230
473 172
270 456
55 282
98 249
495 113
130 201
476 326
197 131
436 144
340 126
396 236
488 450
410 483
289 18
86 448
248 47
109 6
504 164
288 90
414 272
203 32
473 167
358 158
298 283
302 126
409 186
362 386
125 261
357 414
279 443
350 16
491 459
22 483
112 311
61 14
71 264
46 32
431 405
190 217
176 493
344 73
167 194
459 292
455 305
194 223
236 33
239 215
492 261
186 92
60 247
106 131
511 153
163 430
46 354
136 222
335 480
295 502
162 243
283 106
36 477
329 272
510 56
317 162
71 378
410 178
509 409
331 161
328 377
3 464
87 338
432 382
328 82
113 99
188 149
65 5
422 63
61 398
42 379
48 114
245 458
292 242
356 111
403 172
488 406
124 63
232 44
445 49
126 47
148 315
196 213
320 106
277 382
249 41
433 494
499 213
224 343
324 116
3 300
10 127
363 243
171 297
292 298
344 440
