23 52
44 127
102 253
179 148
55 20
125 4
172 162
194 9
83 34
209 202
43 117
195 108
163 204
225 82
117 211
120 140
8 164
11 110
161 190
2 216
210 128
221 126
34 159
136 117
193 89
63 237
206 2
89 113
206 58
195 67
13 59
207 21
224 219
132 129
153 134
90 108
6 55
234 40
214 114
157 151
203 220
132 154
222 221
11 172
23 207
239 37
10 191
58 234
154 190
108 51
69 198
159 75
253 138
116 211
252 17
106 200
238 239
98 204
204 109
121 228
60 104
9 71
39 67
49 193
2 157
245 71
99 148
146 96
30 6
51 27
24 158
227 6
141 69
210 89
178 75
61 239
180 70
54 219
138 103
157 140
5 146
211 104
38 101
201 69
108 252
96 132
154 67
138 39
136 92
129 58
168 190
41 92
5 95
55 143
199 212
27 204
102 238
52 141
83 253
210 191
250 50
67 148
117 205
188 253
42 61
55 210
251 97
46 0
192 101
143 135
58 170
83 160
152 136
45 236
133 255
171 127
49 239
20 166
188 208
163 230
13 219
184 8
60 230
9 252
76 152
132 134
67 215
38 219
95 84
199 229
83 115
100 133
98 120
43 30
72 207
5 85
170 189
94 230
164 103
226 240
255 102
118 66
62 156
30 157
240 229
130 68
88 231
201 186
95 244
217 168
195 222
253 109
155 91
83 63
194 54
47 194
156 165
4 218
66 34
120 50
8 250
118 96
225 63
27 65
52 244
233 247
210 230
101 109
66 184
173 4
238 220
198 139
130 203
101 196
237 221
246 245
216 109
86 185
172 113
250 224
101 227
216 55
202 61
164 12
245 81
16 228
46 215
111 176
162 212
116 143
178 106
133 138
215 219
67 132
76 62
100 177
33 60
232 235
121 140
247 111
222 8
83 12
223 194
188 129
150 48
16 72
154 149
210 114
112 22
246 188
84 90
109 117
151 85
97 16
226 88
127 192
96 210
204 63
148 136
192 43
184 209
115 82
102 70
196 215
92 186
147 176
21 1
37 172
86 134
188 56
223 60
248 63
14 196
127 163
76 63
206 4
16 65
87 119
135 27
78 227
214 225
147 235
226 185
151 57
63 83
113 30
143 106
94 158
46 221
65 123
28 15
127 45
80 214
164 216
242 242
187 200
211 79
179 182
8 74
239 71
157 96
102 45
202 196
203 249
161 12
116 189
27 243
234 107
202 142
67 188
128 255
132 84
78 55
10 86
129 249
157 30
89 3
75 36
199 22
29 104
34 145
38 61
132 16
169 78
159 236
10 31
235 142
115 57
197 125
143 70
118 45
101 208
48 176
244 248
199 17
96 233
162 134
39 38
151 208
117 54
188 127
85 168
14 201
225 211
70 113
26 189
158 127
141 206
47 129
198 246
146 39
224 52
173 7
90 68
215 207
122 147
79 208
59 93
153 29
48 223
142 74
156 44
201 41
250 249
170 193
239 60
232 207
112 149
214 203
218 173
154 84
65 233
36 124
70 189
153 119
157 39
193 57
83 139
99 78
132 13
15 115
74 247
67 186
140 25
133 102
199 32
187 8
9 223
132 80
199 58
69 136
115 153
19 214
231 151
228 246
11 46
237 78
232 121
103 110
224 46
142 155
54 151
122 187
231 23
217 174
81 30
55 197
183 74
155 158
226 127
148 237
173 129
59 150
251 162
4 219
209 146
118 7
41 240
194 17
8 155
191 89
186 246
30 113
65 186
16 35
57 164
16 231
38 75
125 33
237 129
252 190
19 114
198 60
98 136
77 106
36 13
196 222
3 226
79 68
156 95
103 214
4 119
189 42
194 58
75 176
187 71
110 206
185 52
10 27
189 88
134 225
101 74
191 104
44 14
173 201
110 20
159 114
140 92
156 78
150 231
254 81
46 109
31 231
161 41
2 94
129 136
63 230
210 254
79 255
13 252
200 123
16 103
237 156
195 137
235 89
112 233
170 158
86 201
133 248
242 135
86 116
16 150
90 226
148 169
225 161
165 169
28 182
16 9
82 211
146 61
44 2
39 214
160 125
159 37
117 146
173 204
6 189
98 96
159 246
10 129
152 175
42 180
101 59
190 184
14 80
245 59
83 28
17 243
154 177
25 15
67 198
219 73
131 61
169 34
52 179
99 206
128 200
9 62
128 23
143 118
82 226
146 100
213 44
21 238
60 88
180 23
161 55
85 74
90 137
254 253
85 97
203 213
41 212
20 170
236 163
32 62
133 178
162 90
223 183
73 27
15 253
50 176
53 135
251 143
16 249
140 101
90 88
59 131
44 79
45 24
