535 1076
44 383
614 1789
947 916
1079 1300
381 516
684 1698
706 1033
1619 1314
721 1994
43 1397
963 364
1955 204
225 1874
885 979
376 1420
8 420
1803 622
161 702
1538 1240
2002 1920
1757 638
1570 415
1672 1141
1729 345
1087 1773
1742 2
89 1649
206 314
1475 1091
1293 1851
463 1301
224 219
1924 385
921 1414
1626 876
1286 1335
1514 808
1750 1138
1949 1431
1483 988
1156 1178
990 1245
779 1196
1559 207
239 805
10 703
58 234
922 1982
620 1843
1349 198
671 587
1533 138
1396 1235
1276 1297
618 712
238 1775
1890 1228
972 621
377 484
828 616
1289 839
1319 1347
1073 193
1282 1693
2037 583
1891 660
1170 1376
798 518
563 27
1816 1182
739 6
909 581
1234 1881
1202 1611
317 2031
180 1606
822 1499
906 1895
1693 140
1541 1682
723 1384
294 1893
713 1093
364 1276
1120 132
410 1859
138 1319
392 1372
1153 1594
936 1470
1577 1116
1029 351
567 1935
199 212
27 1740
1894 750
1076 141
595 1789
1234 959
1018 306
1091 1428
117 1229
700 509
554 1853
55 1490
1275 1633
558 256
1984 1125
143 135
1338 170
1875 1184
920 904
1325 1516
645 511
427 1663
817 1519
1044 934
700 1744
1443 1254
1549 1499
696 776
1084 1254
1033 1020
332 1176
1156 1670
1347 983
806 219
1887 84
1735 485
595 115
100 1413
1634 1144
299 286
840 1743
1541 341
1194 189
1118 230
1444 103
1250 1776
1279 358
1398 578
1342 156
798 1181
240 485
1666 836
600 1767
201 186
863 500
473 1704
195 2014
2045 1389
155 1115
1619 1599
1218 822
1327 450
1180 677
1028 474
834 1826
1656 1074
264 1274
1910 864
993 63
1051 1857
564 1524
1513 759
1490 1510
101 1645
578 1720
1197 1796
494 476
198 1675
1154 1227
101 1988
1005 1757
1014 1269
984 877
86 1977
940 1137
1786 1504
613 1251
216 55
714 317
1700 1292
2037 849
1040 484
1326 1239
111 432
418 212
372 1423
1970 1386
645 906
215 731
835 1156
1868 574
612 433
1825 828
488 491
1145 140
1783 1135
990 776
1619 268
2015 1730
700 385
1942 1072
1808 1864
410 405
722 626
1136 1558
1782 956
84 346
1389 1909
1175 1877
353 272
2018 88
1407 960
864 978
1228 831
660 1928
1216 555
952 977
371 1362
1382 1094
1988 471
604 1722
1427 688
21 769
549 1196
598 902
1468 568
991 828
1528 1855
1806 708
639 419
588 1855
974 1540
784 1345
855 119
391 795
590 995
470 2017
1683 491
738 185
1687 1337
1087 1107
1905 30
1935 1386
1886 1694
46 477
65 635
284 1039
127 1069
336 982
1188 728
1778 1778
1723 200
1747 1359
691 438
1544 330
1775 583
1437 1632
614 1325
970 452
971 1017
929 1036
1652 1213
27 1779
234 363
714 1422
1091 444
1152 767
644 852
78 1335
1290 1622
1665 1017
157 1054
601 771
331 1572
1223 1302
541 104
290 145
1318 317
1924 1552
681 590
927 1772
1034 31
491 1678
883 569
965 125
143 582
1142 301
1637 1744
1072 1968
1268 248
1223 1809
352 1513
1954 1670
1831 1830
1175 464
373 54
188 1407
85 680
1038 969
1249 2003
1094 1393
538 189
1694 127
1933 718
47 1153
966 1270
914 1319
736 820
941 519
602 68
983 975
122 1171
335 208
1851 1373
1177 1053
1328 223
398 1866
412 44
1993 297
762 2041
1450 1729
1263 316
1000 1999
1136 1941
470 1739
2010 1453
666 84
577 1001
292 380
326 1469
1433 1655
1693 1831
1473 57
1875 1419
355 590
1412 1805
271 627
74 1271
579 1210
1164 1049
901 1126
455 1568
1211 1032
521 1503
1412 848
925 798
455 570
581 1928
627 409
1299 982
999 663
740 1270
1291 814
493 1870
2024 1657
871 878
736 1326
398 1947
310 919
1402 1723
1767 279
473 174
849 1054
55 1477
1463 1354
411 414
2018 1151
1684 1261
1965 129
1083 1942
1787 1954
772 475
1233 1170
374 1543
41 1776
1218 1809
8 1691
1983 857
698 2038
286 113
1345 698
528 1315
1849 164
528 1767
294 1611
1661 33
1517 385
508 702
1555 882
198 1596
610 1416
1357 618
1060 1293
1476 1758
1283 1762
1871 580
412 351
1895 214
516 375
1981 810
1986 1594
843 1456
1979 1351
110 1486
185 308
1034 795
1725 344
1414 737
1637 842
447 872
556 270
1453 969
622 1300
1183 1138
1676 1116
1948 1614
662 743
1022 593
46 1133
31 231
1441 1065
1026 1118
1409 392
1855 998
1234 254
1871 1791
525 1276
712 1147
528 1895
237 156
963 137
1771 1625
880 745
170 926
1878 201
1157 1272
1266 135
342 628
528 150
1626 1762
404 1449
1505 929
677 169
28 1206
16 265
1362 979
402 1085
556 1282
1831 726
160 1661
927 1317
885 146
1453 1228
774 1981
1378 352
1695 1782
1802 1153
664 431
1322 692
1637 1339
958 952
270 1360
2037 827
595 1820
1553 755
1434 433
25 271
579 1478
1499 1353
1411 829
1705 1058
564 1459
163 1228
1891 1486
1920 1480
777 830
384 1047
143 374
1874 738
146 1380
1493 1580
1813 1518
1852 344
948 1303
1697 311
85 1354
1370 649
766 1533
1877 609
971 1749
41 1748
532 426
748 675
800 574
1413 946
1954 858
479 1719
329 283
15 1277
1586 1712
1589 1671
1019 911
272 1785
396 101
346 1368
1851 387
1068 335
813 1816
1010 1613
343 375
512 249
1233 991
1969 1562
1274 1984
792 812
1649 333
436 620
1244 708
357 1640
810 703
960 613
1090 2029
948 1904
1797 1958
1469 92
285 1981
342 1518
924 263
1033 150
199 1825
963 1848
110 1399
420 1354
59 777
946 869
1480 1907
1482 523
1888 382
379 1637
292 1848
1730 577
1782 24
48 658
287 1081
809 486
858 1772
287 968
1123 707
274 1182
1485 1220
4 917
1079 1486
1440 919
1869 1819
509 113
1620 191
691 1354
215 739
2012 502
1820 773
988 630
497 1275
1598 1620
1983 1872
755 1420
1044 759
289 76
197 1730
995 18
1501 1504
132 1073
1695 823
379 1910
1562 344
364 1334
1117 1353
1964 1615
580 1514
1187 515
1338 1942
1935 334
653 177
410 851
1907 1406
869 1360
862 1001
386 510
1824 765
372 1338
1109 737
624 179
42 540
1794 622
6 933
1138 1344
828 1025
1679 1481
1202 41
284 1061
1447 1154
374 262
107 760
772 1932
1525 1144
1222 587
1881 1847
766 1923
339 512
498 346
1445 1636
1690 225
613 1321
1707 1816
1363 1991
829 762
1097 1203
1024 1205
1963 1796
1089 1441
893 263
2028 726
62 746
602 402
1258 1100
748 655
688 390
881 1301
1712 540
1069 1027
483 1899
1789 1581
1054 766
738 970
514 1827
363 1407
42 343
86 105
1089 688
507 299
1788 1255
954 428
1645 1835
1729 1309
327 751
288 811
602 30
344 1656
796 1082
578 1310
861 941
670 903
1284 756
1008 325
1444 1515
624 1184
722 1579
1612 320
1366 1293
1629 1694
2044 1918
457 598
1948 801
207 696
1883 785
2006 696
1727 628
1599 963
1384 560
1289 780
27 1913
1964 750
1444 1528
1070 763
774 651
409 770
521 866
1369 421
1667 1576
1117 1502
313 1076
150 2040
1704 1749
956 1041
261 197
1821 289
62 1738
1039 1507
1218 61
222 1992
712 631
715 1234
1497 36
1655 1116
1612 725
570 1925
1801 720
1918 1457
421 826
450 683
1023 224
972 1085
1962 2011
544 1132
24 766
1077 736
1397 1792
1970 846
1828 1578
1962 1392
255 484
1269 8
1204 1139
1465 1626
1965 1916
261 940
92 1233
2026 6
1196 522
1138 1220
1289 167
1956 638
1959 1879
1485 1739
1409 1399
1083 1664
1884 305
1672 1040
1444 1089
618 1362
957 879
254 1049
64 232
1055 1260
755 146
432 2044
313 341
634 225
172 71
1964 1581
1471 1000
1197 1307
1305 821
299 701
1910 918
15 820
1797 270
1869 1862
502 877
1074 1257
1023 1507
1253 1336
1848 1888
1561 2020
1959 1478
1553 1382
430 702
641 1735
1523 941
388 1385
1859 404
157 1608
674 2027
1422 1176
856 449
386 1879
1956 1639
1167 1756
1479 681
1728 1391
111 1233
725 541
1935 1367
228 1410
260 616
747 71
1020 905
1679 1694
884 1054
823 1740
1503 1209
1571 1411
800 690
1119 232
1371 799
1623 1482
2032 300
2023 1919
1667 203
1281 1927
820 2028
1998 1840
885 1630
1487 1769
636 262
1461 91
1471 984
1502 223
1675 573
455 998
1372 30
433 1356
331 408
1227 1998
612 460
1878 1432
440 1828
1224 1326
1410 663
1047 2046
925 461
89 348
1445 1591
572 1072
116 1027
23 1488
1058 456
796 1389
864 2023
1339 1476
435 1169
860 876
950 37
154 312
700 1201
311 1626
1662 400
1974 1060
1992 498
84 60
1526 107
1549 536
563 297
1925 1428
273 1216
856 708
338 1717
1584 1288
1754 1738
1600 406
892 1911
2032 506
264 1959
1566 208
409 1651
268 1935
1758 1817
423 274
67 300
1702 340
1517 510
1048 1855
179 585
1095 1933
275 647
292 1167
511 276
1674 775
187 1192
983 597
795 1251
484 506
1021 908
780 1088
1208 434
1428 677
944 428
484 1124
1013 1579
1009 1289
179 1301
408 690
1578 34
1465 1765
1227 400
314 2022
1651 799
480 624
1707 1260
1712 867
1694 1092
1545 591
1521 2029
1715 486
1561 676
1775 1740
1978 136
382 1508
170 1847
1225 1397
199 1540
1372 1850
291 1852
427 1998
1065 91
817 711
1184 314
1302 657
296 969
1143 1857
1646 871
1549 1576
1007 1931
1036 1177
1730 213
527 1929
1753 1899
1731 2044
1703 110
1994 720
202 764
1432 1386
1078 686
2043 1374
1656 1138
1183 1254
2009 684
782 968
567 1818
98 249
2031 625
130 1737
476 1862
1733 131
1972 1680
852 126
396 236
1512 1474
922 1507
801 530
598 1984
1784 559
621 518
1528 1188
288 1626
1438 272
203 1568
2009 679
1382 1694
810 1307
1326 1662
1433 1722
1898 898
1149 773
357 1950
1303 955
1886 1040
1515 459
1558 995
1648 1847
573 1038
71 776
558 32
1455 1941
1726 217
1200 1005
1880 585
679 1730
1483 1828
455 1841
1730 1759
748 1569
751 215
2028 261
1210 1628
60 1783
618 131
511 1177
163 1966
1070 1890
136 222
847 2016
807 1526
1698 243
1307 106
36 989
1865 784
510 568
1000 491
829 162
71 890
1946 690
1021 409
1867 1185
328 889
1027 464
1111 1874
432 1918
1352 82
113 611
188 149
1601 5
934 63
573 1934
554 1403
48 626
245 1994
1316 1266
356 1135
403 684
2024 1430
1148 1087
1256 1580
957 561
1662 1071
1172 1851
1220 725
1856 106
789 382
2040 1343
1785 41
1969 2030
2035 1237
1248 343
324 1652
1027 300
1034 127
1387 243
1707 297
804 1322
1368 1976
1125 540
654 933
647 1443
1315 639
738 1052
680 660
1034 668
1897 235
1011 174
1887 2039
474 873
118 1862
1116 1826
111 1920
1100 1479
1849 177
2019 455
1110 618
1898 378
1258 588
1430 1938
1248 417
558 1098
652 1570
1272 491
1561 1746
1364 1679
1560 433
1457 1671
305 509
1102 106
686 1074
561 1797
1692 411
127 902
1000 1557
793 200
1974 1351
1298 578
873 522
1069 386
221 386
18 1781
819 1475
1405 1124
1985 459
1231 623
1533 1792
372 1178
156 499
32 1156
9 825
1356 1983
129 607
514 1002
1129 1583
1389 1350
1969 1407
1084 740
834 441
1865 771
900 1048
1395 386
792 1767
1564 948
219 1596
56 228
374 1413
163 503
2020 677
1505 1101
213 846
404 134
205 1488
875 1040
1929 692
1811 781
1740 1158
1167 484
878 683
1433 1097
232 1489
1325 606
854 1488
1109 826
118 566
1928 331
1413 284
465 1618
1772 1340
610 1653
2032 374
386 1724
1532 1554
161 362
189 1594
1459 421
1035 736
1027 1890
177 88
668 295
655 548
626 20
832 1091
1638 556
384 201
161 368
575 548
45 59
54 206
422 243
1800 1881
665 787
570 1692
629 747
1781 1298
1042 388
1846 1668
408 631
711 2046
1187 1095
199 1349
1464 774
1897 1509
834 1951
1715 1256
146 1467
1089 811
206 1659
456 836
358 189
86 1400
577 1932
1020 985
515 1732
983 1703
779 1183
1004 195
1957 853
1704 743
756 1371
1999 902
790 1041
1714 997
652 122
1833 1011
311 1919
363 888
1803 1384
1873 271
1068 808
1974 1847
1991 930
2043 1901
1783 1699
596 491
1023 548
1393 1813
1589 1059
762 193
1181 547
1204 1492
418 1568
332 174
904 157
445 1972
966 371
1771 909
1301 1766
762 1036
1418 1359
1527 393
1907 872
158 1448
1932 921
1641 1065
1468 798
510 1887
318 842
13 1222
1000 458
1146 1966
829 869
827 82
588 1590
1118 2006
901 597
351 760
1469 509
160 1353
1430 1801
371 851
551 881
690 869
1723 703
43 675
1161 1189
593 1990
11 1421
24 599
963 1142
557 1864
1739 908
576 1160
1417 736
466 800
489 837
1651 1041
1718 293
1910 1393
996 1954
21 109
1095 614
51 1106
2035 75
1705 950
1217 214
766 908
1122 1342
20 492
30 486
1292 520
1323 895
1561 993
1188 1423
339 136
1329 360
245 377
974 296
1483 962
371 1141
1912 1588
1355 631
448 430
1973 468
922 2004
955 166
476 230
1061 2037
1224 201
1412 1563
337 694
1923 582
1071 849
878 506
1811 1249
1647 1676
789 955
259 1237
1385 184
1705 259
140 612
425 616
843 1486
605 19
1687 2018
1582 2024
664 1457
558 1735
258 1436
193 22
637 1841
1698 1426
748 1957
615 85
93 272
344 234
885 769
850 1728
207 1456
1747 1894
1426 1281
1870 42
690 380
1777 948
1816 1970
970 405
1763 620
1831 463
529 398
548 623
670 892
857 1555
1661 1707
1235 1868
1115 934
1714 493
167 1536
535 857
1916 264
1806 1684
187 728
41 1950
1349 1872
366 1878
222 914
453 893
1807 1310
400 1420
970 1636
1241 37
522 907
531 690
396 1066
1547 264
1331 1305
1949 1518
2034 1990
1420 1335
1815 1786
1165 2037
653 1619
882 412
881 1283
1832 1851
871 1025
1889 1393
1933 372
35 281
1438 1583
545 721
840 446
191 826
389 1612
113 156
1350 1279
145 2003
850 1028
367 1731
263 152
1535 1134
1177 1376
479 1062
1748 515
1343 1138
50 1889
1860 890
287 3
1717 676
1615 1830
832 918
1061 978
873 1911
2006 1241
1595 221
1393 1082
1355 522
410 1834
1585 110
301 880
1248 351
721 1060
1242 1009
1064 911
1685 631
693 470
1549 1755
1448 375
1618 1406
1616 1165
1627 961
199 934
1483 609
720 1020
719 1022
1901 1968
1373 574
980 567
1583 2044
1478 1221
628 124
1691 129
1879 1091
504 1449
449 72
567 28
1033 766
962 469
1376 1682
1489 47
656 1342
2015 2030
1917 948
549 1452
944 2028
625 1572
104 268
1702 1983
1359 158
1384 1808
231 1951
1836 1264
670 750
1733 2046
385 1175
45 1041
469 13
1023 338
961 1573
1791 1905
1553 368
1430 1657
637 1084
1592 1996
1242 928
1757 1473
832 1545
690 1502
248 375
1500 633
1550 1545
1674 2020
1558 650
310 471
175 53
329 1728
422 1759
1337 1059
795 881
1007 2037
1809 716
1463 593
214 105
47 462
480 1547
1095 2031
1045 721
2003 555
1371 265
1027 1546
319 1356
1226 741
1067 515
1800 1862
1396 759
1851 1158
1476 1266
1751 1690
1371 1799
104 1852
1298 1199
1835 295
1920 1790
851 1244
7 1878
742 326
1186 1969
1067 205
436 819
19 1833
1579 1870
943 1007
1089 646
649 412
397 753
216 1696
1952 3
1991 1824
1793 794
1020 1801
624 1763
79 1810
1684 1147
2015 72
1966 2034
1905 1497
1857 800
456 898
1447 1105
1310 1844
1858 1527
1492 1762
1530 1436
1539 1276
182 511
1029 807
226 1108
569 1910
207 537
1983 126
523 1840
1623 332
593 32
1230 2040
1137 493
1836 948
2020 1281
662 1502
669 153
730 851
665 1759
1658 891
820 180
754 1027
717 689
1153 1240
481 729
1573 1074
761 755
1066 1898
1248 855
798 1220
88 1461
675 757
1614 1405
1608 231
1117 1219
1123 1937
1399 1877
916 68
518 22
1308 999
751 833
26 1512
1589 1092
1362 789
1947 113
2010 2035
1574 637
744 1140
2042 305
1372 1111
1524 447
1000 875
276 1917
943 794
1939 203
1793 642
1037 1819
106 578
864 1468
1367 763
1581 1329
751 1107
1966 1495
200 1961
1800 1572
1024 1276
2019 2025
103 247
1894 1046
1041 1785
1250 786
379 239
558 485
817 1422
1953 136
137 1487
1466 888
546 1384
336 746
1297 88
270 274
1365 241
251 1468
488 97
467 1529
1882 1717
268 213
1956 826
698 725
200 603
861 337
42 279
1226 589
1664 1562
1335 913
1650 1606
1187 967
1847 1438
388 288
1535 855
1817 1369
524 37
1582 432
863 232
1157 1063
836 2018
1401 878
250 579
1467 1914
93 755
779 1743
313 1967
663 112
1357 1051
400 845
1906 170
166 382
207 1749
814 1071
1981 1971
86 769
1941 1487
1648 143
18 1067
9 111
1822 789
1855 87
708 470
200 17
1521 600
862 1379
770 1029
1761 978
730 527
1 663
450 87
1433 343
1575 1033
487 1593
52 496
1705 1875
1285 1512
1962 1993
1982 114
2011 1455
715 825
786 1485
1854 499
415 536
1026 416
1200 1476
504 585
1819 31
1618 258
1624 1670
755 1281
1497 2040
745 1412
1986 679
1526 1949
86 193
726 872
1679 533
1371 46
1069 349
463 221
1825 967
806 1597
998 376
1855 574
2047 562
1856 1496
555 553
860 493
1233 339
394 1319
532 1120
144 163
1653 1515
210 675
1865 673
896 1642
1640 1703
1191 590
31 999
1164 30
1561 972
1527 68
1526 339
561 711
678 955
2030 1211
28 126
1374 1681
1642 1584
308 1459
209 1205
1053 1849
860 197
391 891
1196 1556
922 709
480 401
778 2006
740 1339
669 1419
247 652
582 275
778 1956
1956 372
1493 217
1831 1702
1422 837
1504 234
1034 1895
1125 182
1403 2047
891 1884
400 1669
1842 1141
961 464
512 1208
1116 1094
1483 1894
1002 1391
219 447
1608 2
102 982
839 1606
1216 1873
1453 294
7 809
293 899
645 694
520 439
1835 1481
903 299
641 2019
1393 76
1866 347
1468 37
795 1028
39 897
2011 879
455 1179
704 1908
1473 712
669 1767
1611 1314
413 83
1754 200
1565 609
499 158
581 1892
235 399
191 1703
436 986
683 475
1883 646
1354 290
1826 11
151 1251
723 820
970 286
87 1383
369 1841
1583 1934
402 34
45 983
1926 280
1382 70
1983 1818
1056 618
246 892
1265 1600
1182 1043
1611 1333
246 286
106 1217
572 193
552 942
2034 88
828 388
122 873
1372 1
1153 706
71 1088
477 1127
1707 723
2019 924
275 1154
1967 1887
439 165
125 545
1382 698
738 1935
1640 724
2023 420
1113 97
1294 437
98 399
1143 169
1488 1620
1297 1147
295 1268
23 571
374 1990
410 814
107 535
1359 1490
1233 50
1377 825
774 1352
1246 1887
1449 492
276 1548
891 1420
1717 331
992 966
1478 1288
187 1501
1859 561
1443 221
1375 1551
756 687
993 1990
737 322
767 1511
1674 2013
1351 1075
457 1627
575 1349
999 245
1680 1992
1211 1111
1232 1398
564 1043
1960 2008
1264 1287
1511 2020
1974 456
1962 663
778 682
127 404
647 1478
1479 1105
1057 7
406 9
252 38
2001 1463
1149 1185
814 1714
180 726
1674 1444
2013 1137
1416 1940
1593 1331
555 323
2013 682
727 612
112 158
1717 1170
165 75
1179 417
114 1132
1881 1263
269 647
929 449
1373 555
1893 1338
1692 1261
1230 1237
544 1786
1560 509
420 239
1122 533
398 791
1703 563
867 834
981 981
1966 814
196 187
1461 1126
636 786
1681 481
76 1326
1742 1307
515 239
1045 28
748 1465
267 1870
1998 665
614 1653
1229 1481
439 162
414 357
976 610
544 389
1736 1180
1175 1370
1661 1251
648 1356
510 1163
1595 1555
1191 295
973 1459
118 923
76 732
529 1305
165 968
1467 579
1326 395
1189 1870
784 878
1003 1959
200 616
1163 848
1972 1673
2011 1519
1181 1155
1815 106
566 1933
1029 642
617 1558
1948 782
479 1367
1361 1805
1763 502
1627 499
1380 582
411 1580
1199 1574
380 1123
1199 344
595 332
1499 362
438 17
247 1468
659 864
978 559
1646 1457
1927 959
1214 1642
1461 794
93 794
1376 504
326 527
30 707
1651 1230
1051 198
1562 502
560 2001
519 807
1421 1178
1671 351
1738 1269
1809 1617
180 975
1211 1641
1769 1304
387 1098
1809 714
1625 1839
1421 1228
1021 424
1426 536
926 1986
489 1445
745 1910
575 368
213 265
1637 2022
1882 1817
950 1045
1411 671
302 1798
1769 63
464 1347
1902 1885
527 876
261 1954
1412 1187
1892 1901
584 590
1763 1160
958 1976
1425 548
1951 1260
317 853
257 1728
1524 559
1479 1246
622 1943
545 477
1781 1072
1353 2042
978 717
1182 823
570 1766
1413 285
878 323
213 256
871 116
1516 1189
969 1773
869 446
285 300
1692 907
196 189
1384 1977
1261 689
1971 192
1406 1105
1015 1976
824 380
213 1702
703 427
1958 1575
543 1426
716 1513
1152 1585
1959 1437
1886 1603
296 34
1792 1681
2011 1005
322 1934
1197 1729
992 164
1657 1816
544 1871
1470 1248
250 1381
775 793
759 1491
258 1911
1028 169
1300 866
1772 1597
900 1516
1230 863
474 1552
750 1671
1233 1742
1836 843
1510 332
666 932
1580 916
265 307
1709 1025
1798 1968
888 779
89 141
1645 1862
1738 498
1330 920
1361 1804
424 63
1428 1658
1805 1216
453 1267
1548 1119
152 1081
2035 417
1388 1696
1442 1139
1616 283
1918 1706
424 1515
1520 114
2013 802
1034 1327
559 1458
1390 1987
1068 1148
1155 1521
367 655
592 519
1736 579
937 1077
228 331
168 1844
614 38
1502 1038
1553 974
1152 1519
1777 138
798 288
1597 140
227 617
1288 1382
91 1656
2037 683
127 1726
1263 1064
755 1491
1396 923
1287 2010
961 742
1001 466
1716 105
1985 1445
244 735
1733 1841
876 1960
410 116
1294 501
1772 1284
1185 1900
962 400
916 1717
1891 264
592 1130
227 1553
1872 1228
2019 1541
1333 1957
938 1577
644 624
1370 1520
536 1781
1637 1831
234 1361
1067 1419
1213 2029
1819 82
1698 1662
346 242
745 573
1795 569
1801 1766
62 1087
1675 1001
616 272
1625 1987
1792 113
1720 1381
1944 1954
695 963
1326 1908
944 1097
1990 594
712 289
836 1457
862 583
2026 616
302 41
1703 1977
1042 271
201 619
210 1994
732 1930
1327 629
1837 2022
1592 1115
1883 489
164 1825
1083 876
66 1920
285 929
455 264
1545 757
305 1200
687 1347
1471 888
1966 1682
834 650
1564 114
1279 1353
88 824
420 1971
1313 585
1749 348
1461 1815
220 1747
696 676
2011 193
1433 268
1393 72
1615 817
961 1533
451 1795
135 2015
1909 1415
1321 1998
191 1741
1921 1504
278 1622
1852 1740
1390 25
1439 38
701 1402
232 86
1670 1625
159 1237
394 1120
722 845
867 857
813 729
224 86
679 415
1827 552
1919 58
127 1724
1798 1517
1749 1189
1555 402
543 1787
488 165
1365 647
1402 1759
1767 76
557 587
933 1370
1316 1158
1456 1995
1573 1235
499 1445
1293 626
1121 1043
95 822
184 1651
1224 727
1390 1712
892 707
312 246
419 31
322 976
618 1256
298 1934
366 1754
1881 1939
941 333
1336 187
959 409
1230 1055
1231 1415
658 407
94 0
72 987
708 384
1233 1127
415 1556
55 1034
764 353
920 1130
59 754
1021 1000
1087 310
1187 2046
719 370
1053 1951
1785 1711
310 1879
1712 382
818 372
766 4
1499 1182
1560 1554
168 276
1907 1088
1406 1966
1842 379
918 881
689 58
880 1409
428 1933
1312 165
1597 1622
2044 1261
2005 815
1633 723
819 1084
1905 331
590 25
607 449
1114 2013
367 908
344 1285
1790 1034
1343 622
395 1771
507 1707
1936 56
1281 1933
1317 1238
700 902
1962 1519
1986 1819
1850 528
1845 409
977 911
374 1344
1819 718
582 1561
1752 1925
135 99
1649 643
1806 1537
699 1040
1422 2017
230 74
871 144
1593 810
1964 1395
1338 1761
1804 268
624 130
1612 395
849 146
1957 553
24 44
653 1673
687 411
1162 1387
1451 537
1356 1682
611 179
1826 157
989 1742
1552 280
1455 1309
548 31
1439 112
427 240
259 336
794 283
380 1447
1956 1068
1858 1070
407 1262
1607 1763
896 171
1942 674
328 884
369 1880
1164 1824
1141 1712
1856 533
1824 235
773 35
571 1567
318 951
966 226
2019 777
1297 378
2039 856
93 887
1027 2036
1561 1355
872 1930
1188 2036
1707 281
1700 1515
814 1476
1750 1588
1512 273
1107 1830
1224 26
9 1196
803 1306
1574 794
114 1668
1681 1142
1656 1194
449 480
1077 1637
468 736
1919 120
203 685
1596 1953
225 1060
178 1333
843 1402
1359 852
550 114
110 77
908 224
1745 541
1366 1353
1735 1816
1833 764
1405 253
1500 1276
373 1703
1962 1969
1608 139
982 1786
1472 1825
1141 783
629 1691
897 739
1768 1805
963 1465
298 282
770 2034
50 555
750 1455
808 203
684 1181
1906 598
1103 1467
737 37
1205 162
1862 298
945 443
1990 1843
1182 1710
1600 97
1128 1899
379 1898
1885 429
406 587
1885 1214
790 521
348 649
1119 1451
68 1856
1488 1273
2018 1302
1572 916
1745 1514
711 879
1176 263
976 256
114 1356
107 1999
1785 513
539 1622
1727 1329
95 27
1978 1214
1478 2046
1023 918
1272 993
172 796
1909 1917
262 572
748 1438
836 1725
1695 950
1033 1802
902 770
267 1441
345 1994
722 440
2022 653
1655 1452
651 630
323 1923
1623 495
671 1485
365 933
9 1113
324 845
790 2019
1796 1823
1773 650
546 2040
43 891
1986 765
1331 1960
1418 938
1365 22
1568 1688
1945 1144
135 569
581 500
1502 590
1614 1826
1436 356
1797 1184
132 1522
1834 678
1514 1877
1569 1453
594 852
1365 2013
1791 682
2035 1311
322 1932
407 458
453 988
958 1956
1579 524
1734 967
881 1484
103 1013
958 1937
1691 425
1766 1212
1878 312
16 1195
277 1807
1878 264
1071 152
149 1478
610 602
419 1569
510 1998
45 197
917 926
1681 1020
1939 591
909 1582
1016 627
746 846
939 763
2042 1217
522 1872
1481 1593
2024 1630
1024 587
185 1443
108 695
1393 153
892 262
1080 525
1282 971
1117 143
506 85
770 1252
932 1709
2015 926
878 490
750 312
35 726
1942 1059
1313 79
454 1421
775 1847
1575 1667
61 607
145 1343
1578 1262
1486 36
1347 208
1289 231
1918 1256
1157 748
1746 1907
1060 1782
586 955
793 1899
1034 1248
1273 1809
1047 800
1429 1109
1407 1574
404 937
788 1891
974 87
51 215
319 1969
1471 1476
670 1170
1336 1730
904 1922
637 1697
1773 1672
897 998
1433 1945
1798 814
1006 1157
340 1410
47 1128
1253 1021
1216 1305
1236 1535
1226 659
963 1896
1829 251
1579 685
125 168
335 1899
1840 1232
849 1226
1129 600
2040 87
1757 333
1498 1804
1461 703
777 629
2008 2013
116 1187
625 1080
1035 406
1331 566
1092 1457
735 1427
1308 527
611 109
1753 1741
709 1746
1828 419
31 1278
175 1492
1982 953
74 1942
918 190
1081 1543
1270 69
1950 554
635 994
2011 1370
373 1271
1898 984
1380 1603
677 42
1301 458
461 1332
1736 636
777 1670
1589 851
1565 460
1041 598
2003 264
667 1905
818 1303
851 781
625 1224
4 475
161 1384
31 838
1426 1332
1296 1887
617 985
476 1394
607 17
197 124
477 1238
723 433
1502 1390
290 272
645 1142
1053 1271
318 1057
1746 479
394 1777
1318 1820
1062 566
1660 1679
1551 88
1025 111
105 1222
235 583
412 958
1016 1915
301 1306
139 946
400 1193
169 719
202 1916
1198 596
1645 468
369 659
1035 2029
290 538
69 1315
649 174
489 885
757 902
1843 1773
769 96
1032 908
1043 1432
53 1212
103 256
1080 1302
852 678
1770 1221
1337 757
1202 1628
1296 1271
895 1945
1446 1385
782 155
239 578
1929 1008
674 913
1916 1717
297 1970
882 401
178 1962
1703 1030
592 1425
204 1930
135 1406
1510 1431
630 357
1328 28
1742 63
183 1981
641 64
941 1315
977 810
985 1275
732 1867
1676 910
1781 1331
1940 326
708 96
208 843
1503 1718
226 85
27 1555
113 1770
1618 296
1703 211
361 597
1526 1338
1407 463
565 91
282 193
1001 16
1524 893
342 185
990 550
1028 445
220 1255
530 247
762 643
2017 332
939 1673
543 1300
222 21
591 1629
485 1156
1720 767
1350 673
783 826
1566 1125
1011 508
1675 2040
953 1895
1247 1483
95 2009
78 64
293 1018
1737 836
270 1959
857 861
1540 1342
2018 1212
62 1320
1885 845
98 1404
1971 1110
1912 1598
1102 818
1446 301
253 1541
262 332
1605 555
1350 1295
1391 1620
1206 200
434 699
1543 404
1911 1605
1724 1749
402 1822
1105 325
884 969
1924 1986
1787 1322
239 2041
815 501
325 372
1056 1675
1667 399
1247 826
600 1681
1525 95
37 1388
1700 1761
1089 54
1536 146
380 372
1116 256
311 855
1578 550
848 345
1052 1173
717 60
800 337
460 0
1163 1060
1681 640
1155 1719
2028 807
1432 1070
861 920
1216 1241
1293 284
1497 1604
1140 1027
106 1988
1372 1158
1114 42
1219 1914
379 1679
1914 1542
691 1548
134 1846
1219 114
605 603
1184 1466
1524 353
660 769
637 109
325 1777
1137 431
1718 461
1590 784
503 761
650 882
392 517
376 1083
17 510
881 1236
625 1486
1839 1809
904 1315
114 1564
36 752
1674 361
481 763
793 151
1224 335
935 1728
1096 1586
562 1488
55 939
523 72
1449 1404
1308 26
842 1099
1836 1746
367 1950
1263 403
654 889
765 1136
1652 1558
1287 828
1893 175
508 941
1761 1071
381 1816
2010 904
1888 1411
260 1148
1438 1102
199 1226
800 566
1128 15
970 1783
904 1735
871 508
1245 110
1337 1090
285 1845
2031 2046
868 364
1814 830
1268 1654
194 1528
754 1632
582 954
810 1382
1520 1938
1398 442
1673 254
129 496
763 1374
607 52
416 892
1897 399
891 718
763 657
1548 2031
264 1742
1511 1018
1326 45
1972 88
1428 1445
2027 778
1887 1652
1032 2017
101 1795
1343 708
1847 1760
1600 1697
111 443
367 875
1101 1915
858 1365
1610 322
335 888
367 260
977 1795
1705 956
525 1544
560 1558
1513 661
1305 809
1369 1105
521 922
754 632
1365 1121
1507 418
988 318
1783 550
640 71
1439 1007
331 368
755 2036
1324 1280
1532 1884
790 998
498 48
1807 1867
1153 280
741 1907
912 59
980 372
477 1968
690 213
471 1330
284 1910
289 615
230 1044
603 1554
277 87
1390 1067
1085 1888
1115 844
1708 220
1124 401
79 2037
460 1059
361 938
980 1051
1151 1451
333 1435
1313 622
2 1543
1667 605
1049 1944
692 391
963 1778
232 31
574 1940
251 1699
293 331
1688 754
1390 1
1692 322
1052 795
1773 1385
182 1038
2007 184
533 1626
789 1582
1522 1481
1974 438
1211 158
469 1786
50 720
1437 343
1051 1077
1097 394
1078 741
716 82
1536 442
1467 1718
1480 1426
1902 2014
1005 643
1548 479
77 1474
917 1288
1632 1386
1026 1682
59 415
2026 1110
1492 1075
1504 522
1817 173
604 1305
615 23
976 47
1450 830
13 407
1474 1562
886 1551
988 1804
791 573
1142 1818
207 1201
185 185
264 1678
1261 1768
152 1030
1941 757
287 508
780 1263
556 182
46 569
589 1520
83 1476
1023 1072
1232 1814
1645 326
1584 1852
1528 1770
2038 1792
1400 1251
1512 1552
233 1406
261 520
1914 1042
1784 422
1224 1830
992 1814
1302 1075
1242 277
99 426
43 1744
752 1628
1549 232
1350 1539
2024 702
742 1489
206 975
847 468
1495 713
1510 1231
1136 686
1013 80
452 267
1155 1694
544 1255
72 588
951 825
168 452
1057 1518
1991 1034
172 685
475 378
1660 1322
846 1108
2035 308
291 1123
995 1305
1203 1447
1572 311
1094 69
1566 1166
657 469
1991 825
922 1001
295 865
2035 467
1551 462
845 1163
1784 1692
223 1771
2000 515
847 947
1820 2
347 1344
313 1441
1413 1879
559 22
301 503
847 1223
1504 1142
40 1491
1609 1591
1953 407
707 1689
51 930
1412 3
1445 211
951 1217
214 1298
514 527
691 1927
359 1250
1950 660
1753 749
1883 1209
1892 1923
652 1453
1467 557
1860 126
198 1911
1056 1611
1915 454
1822 818
1671 2036
68 137
516 759
17 875
2009 1967
1535 1715
668 1370
876 512
1245 1529
1966 664
38 1778
790 237
1642 1847
1848 1509
253 1622
279 1924
1611 347
14 79
1106 31
954 1067
1998 441
734 618
1811 1611
1131 1008
1092 1049
1673 1130
779 415
1367 373
214 1167
1882 467
742 113
344 305
460 358
384 1566
389 1338
586 339
1779 1320
957 1542
883 40
502 1975
1089 127
1058 1869
543 377
194 757
1545 29
1225 239
142 1569
544 603
1927 928
121 268
218 707
607 1997
2028 1564
1491 863
1605 1993
791 646
73 1849
467 616
178 662
1373 1723
691 550
1962 833
71 458
1436 1998
1386 1558
218 1604
217 825
1553 197
342 996
1061 1947
942 1852
545 1015
1653 1013
1631 1831
1675 956
1507 318
1507 1421
1151 1578
1880 540
1529 1218
50 1747
775 267
525 280
465 867
1277 1526
766 171
1330 1311
1186 935
276 769
718 1951
1725 177
221 1184
1599 1373
715 1431
1913 196
601 1963
1943 1376
182 420
1657 647
1287 886
125 5
1057 1455
1317 195
342 1593
964 1061
1497 641
1238 1718
1826 789
1043 493
172 908
689 774
823 584
102 1006
1005 1759
1653 244
597 1779
250 1654
1186 1567
1849 1529
1112 765
542 561
1407 1780
232 1185
522 1275
1678 694
136 319
1468 959
903 1571
1965 1908
1282 1571
105 1880
1302 355
1486 440
1922 1288
1969 986
5 463
1548 1412
196 1780
549 718
1007 179
1412 1143
498 833
55 1402
356 2020
1262 1638
1543 1367
1470 797
1722 909
1238 1596
149 1159
535 154
1623 35
1567 1819
1815 68
489 774
248 1901
1918 746
686 1973
100 1042
1945 1363
633 1441
682 55
190 357
964 1428
1953 1113
540 440
1268 115
475 787
1934 242
855 375
1017 1103
228 887
1850 915
812 1950
1957 709
1265 542
102 1948
598 293
257 1562
1721 162
628 213
603 1896
328 1078
635 214
1321 1490
589 290
546 818
1177 348
1733 1989
250 1642
650 1516
137 753
1416 735
1046 1673
249 719
1835 877
933 390
725 1261
1469 1360
1476 742
803 17
1032 1349
835 161
1697 520
102 1947
115 752
1415 252
1505 783
987 503
408 1236
1223 196
66 108
586 791
1369 7
104 797
749 907
815 1781
208 1650
1942 1905
123 2044
1804 238
749 1172
490 206
1955 1477
710 316
665 1933
512 731
2041 1098
1523 1362
1106 1627
112 1855
486 927
1589 694
529 1483
551 652
1480 307
890 181
1479 1380
387 1387
809 1097
1703 1475
982 167
158 975
1265 1681
290 323
1260 402
131 1746
1329 1720
392 1858
1155 943
463 587
1251 1353
768 682
686 1156
21 1495
205 1724
922 1188
1891 1081
115 1109
714 405
1432 1975
807 1563
1673 88
1235 18
1947 343
961 362
930 164
1715 1699
847 353
807 868
1849 1012
545 723
152 388
1497 471
673 882
398 1481
397 23
1569 1633
41 1468
1976 1003
1830 858
1167 1498
509 2014
1851 1316
835 1652
281 1380
328 433
1768 84
701 1218
555 1375
52 953
808 449
977 329
34 1018
1798 2010
2021 1580
821 1141
1030 1330
1107 834
599 1942
438 880
1274 766
1313 995
851 2015
165 1406
1342 217
312 102
666 1289
431 701
259 181
663 233
1762 1484
1374 744
767 433
1578 1366
328 2017
198 1602
735 1511
549 1586
1478 714
945 772
931 1257
874 1598
498 1306
251 757
1487 914
990 1201
351 316
1946 1118
750 1476
436 1078
1445 634
632 133
97 1182
1719 1576
1896 616
300 780
1873 1175
330 323
433 581
1081 1920
1495 23
1074 1846
340 972
916 1090
400 1352
120 1846
1986 752
1979 36
1934 1650
1612 1783
219 1912
515 44
1039 845
368 1472
1426 1449
1345 873
1472 371
672 1812
1343 1588
854 1743
893 974
1541 831
1727 1472
867 1613
1075 431
1348 1294
296 1863
1338 1335
660 1706
760 38
1107 57
912 532
428 1584
296 1771
1124 1151
1466 2017
77 960
801 1804
384 1668
1370 1459
52 670
705 348
486 2044
1683 1146
1702 395
1185 762
452 49
1294 880
1633 1590
603 709
693 22
679 771
982 1480
527 1366
1100 1897
778 1152
520 1483
1500 1006
1479 1136
104 1134
1531 1289
1896 1984
1338 1142
816 923
684 1420
1633 1378
1442 264
101 376
1744 628
1742 796
478 472
1949 998
1956 1401
2004 1387
489 60
473 2021
1350 321
1957 640
1463 725
1564 100
97 1149
1478 1539
1413 1579
1915 1109
159 1610
1905 637
34 1806
1635 1990
1160 1591
1330 1649
1652 1803
1622 954
77 1531
1594 1540
209 1110
1640 306
211 1070
1846 1624
601 1713
685 761
1275 543
1398 1310
301 986
1252 1461
529 534
1063 133
290 637
1087 367
121 634
1907 330
1744 1500
636 1956
522 434
1532 1124
100 170
1885 1375
713 1235
637 1014
173 1890
428 703
376 1491
836 666
80 1924
1033 201
510 893
531 206
345 1168
114 867
1602 1647
1991 1702
1817 1828
1030 482
1016 1667
1496 1189
1509 1924
1892 1886
1367 681
504 1448
557 1538
1649 1067
383 133
1273 728
1301 1388
1595 855
987 1539
510 756
1319 1540
1238 287
1159 686
1477 621
563 1321
459 1930
2002 963
1330 511
453 932
1578 836
1065 804
1564 318
144 1112
1173 1131
603 1683
1887 1922
1175 1077
162 287
1763 1639
908 278
912 1367
161 867
282 1491
1378 736
375 909
1572 1440
1713 1089
1758 1857
153 884
940 756
519 779
630 1695
1856 792
1982 1571
383 842
1850 1296
161 2011
115 443
1454 1493
1179 1830
354 704
1222 19
1793 933
1876 1946
1817 768
654 288
1547 1284
1983 1355
29 1917
879 412
711 681
1708 872
644 1823
1316 50
1269 447
1880 1623
1151 1055
1643 896
1988 1471
794 1757
192 1448
2045 1739
685 1981
1047 714
1850 1926
1126 514
559 787
1386 1203
562 654
1253 1831
1102 1086
1407 205
93 1002
1102 33
425 1896
1790 617
1297 1787
309 1982
1720 1356
648 1523
1234 1774
2037 1793
513 1375
948 1076
2030 153
859 1084
1239 218
1289 1332
1220 343
1365 1646
192 1107
215 1489
847 524
1423 519
1880 23
2042 1066
1797 2031
811 263
1359 1759
1339 1341
1913 150
377 1104
369 1666
389 1589
2010 1754
1187 154
814 1403
1643 1661
1927 1018
132 1760
1041 127
778 790
110 1590
1053 1469
1301 344
762 1166
495 1139
223 864
758 612
405 720
318 1593
874 1132
948 469
745 827
1487 878
539 480
1005 1318
1270 1115
860 276
537 113
620 1299
1280 1115
391 1503
1979 1149
67 337
1869 385
1930 695
1518 830
1164 215
1657 603
1093 149
1083 50
1467 305
1166 279
581 1703
392 1202
954 1672
269 1345
1127 201
446 1194
538 267
1580 420
962 1050
1250 78
1265 859
681 311
1008 1764
361 427
22 1527
706 603
1182 1099
1805 89
723 27
1434 1851
228 1881
997 766
100 529
1186 1063
1579 388
1141 797
1247 1823
1108 208
1539 1469
635 1561
949 1342
117 83
393 1922
172 1116
1949 1607
919 129
1440 1917
895 1540
398 33
555 1978
421 1697
727 1669
1472 1835
1877 963
1256 464
477 157
1806 594
241 151
468 413
1268 370
2020 139
499 1412
8 1395
905 407
1428 1460
337 1850
1109 1064
1471 533
851 1300
1497 59
1764 1974
217 1523
520 458
1674 988
871 894
1358 844
1034 1858
208 1042
1205 1113
1449 585
526 1786
387 1635
802 1858
121 1653
1110 1618
1713 827
1544 1930
302 16
340 1976
1004 1211
823 315
7 1857
125 216
851 1330
1329 253
1915 1855
2039 255
1443 794
65 1564
399 1176
1134 64
2003 630
1994 257
646 286
185 1650
1498 1008
1965 1505
817 42
1721 1669
1372 1003
1922 1240
810 1913
1495 205
659 1560
1769 1059
688 855
1123 643
1485 1070
900 83
1356 1086
1734 806
46 1651
264 864
1694 1985
485 1018
940 359
210 1751
224 1705
1956 884
1218 1678
1943 1906
502 1971
40 1402
6 1397
440 1740
155 487
1344 419
1351 990
357 1836
2008 1297
147 171
1000 371
1876 909
1255 1046
539 1150
905 1024
121 1407
947 161
761 954
1558 1202
646 1714
1689 1990
85 992
932 442
780 893
1740 927
1064 692
1298 892
1601 506
1939 92
1656 796
1117 1777
155 16
1939 916
970 1449
70 1617
1115 1759
1559 1201
703 444
1643 1483
1337 1335
362 353
2028 1661
1245 1581
119 1136
1674 1775
1932 743
1505 39
759 1396
956 1730
797 1026
1299 1913
738 810
1066 1441
1254 661
877 543
1997 1239
896 1977
852 94
1510 971
1230 1136
699 1115
1879 156
1154 591
1552 62
273 301
1089 1572
166 1827
334 1232
1220 1589
1894 49
84 1843
1289 981
1772 93
1075 1234
1065 257
323 1764
1372 154
1920 479
745 1424
541 1018
1725 1630
542 1892
1409 877
1076 582
418 922
631 502
717 1920
1483 441
2014 510
1676 1031
768 1999
747 92
105 619
571 851
2043 1113
1869 1720
695 364
1564 57
1241 593
639 1659
1515 1270
113 185
1143 1597
626 1109
59 254
92 827
205 839
920 311
1458 1491
1162 1453
556 983
1125 1252
1347 642
1309 540
1235 1948
151 702
1170 265
887 265
1862 1514
1374 1921
1768 1466
701 1974
257 1621
237 1715
1064 1399
1120 1621
334 198
825 1682
840 86
174 27
2034 326
729 1156
591 1617
1422 405
1083 748
278 803
167 979
729 424
552 966
92 1617
317 1212
1190 652
1410 2015
286 202
53 460
229 39
786 959
1195 1377
528 569
1782 1611
1318 13
366 1485
992 1096
1909 1545
14 2001
1114 332
1166 256
984 528
223 1270
731 276
1730 960
315 469
1919 1510
1846 399
32 1581
2010 1350
1594 329
787 538
1425 648
35 1439
602 1149
1771 1768
1405 707
248 1628
1977 979
1904 1660
1940 171
81 1811
1682 1927
163 1714
1460 125
1016 1006
454 1803
1545 1879
403 1580
1271 1005
682 994
725 39
1702 974
1668 1631
1953 1524
1243 1845
1696 1324
1609 1330
1204 1772
996 616
1897 2012
1623 304
1767 1120
135 122
652 1406
1128 1334
353 1853
1374 7
779 994
1638 685
470 834
482 118
110 43
1448 1314
1815 396
1931 1665
360 1506
1969 79
578 56
202 1230
1463 1330
517 1816
1135 1891
1823 1915
837 1413
552 1307
199 1034
1426 310
1078 826
1624 845
1223 1507
462 1583
965 383
1663 1543
440 1865
726 1903
1147 1243
1671 234
1086 1446
101 1923
811 653
1182 1011
1688 560
1321 718
1387 897
1563 562
357 2026
97 1322
361 1760
